"genes"	"logFC"	"logCPM"	"F"	"PValue"	"FDR"
"COL16A1"	1.26867927181907	7.57922019693066	87.9978874130884	1.31906219721653e-15	3.03265589762052e-11
"FBLN1"	1.16028304614205	7.92841574645137	76.0532846743514	4.7574590829738e-14	3.27878674345636e-10
"COL6A1"	0.965309675323414	10.3483760825856	69.6566898158775	5.36526127837852e-14	3.27878674345636e-10
"COL6A2"	0.947893858847197	10.761685848669	69.4771211672003	5.70446999861922e-14	3.27878674345636e-10
"GAS1"	1.25949373023482	6.02107521464985	64.7898217882976	3.88050093281743e-13	1.78433193892811e-09
"CAVIN2"	-1.01129846058605	7.15452444445654	59.8201660053862	1.67364210061453e-12	6.41311758920479e-09
"COL5A2"	0.990759186216525	8.87478464782467	61.4104932642523	3.11332605439754e-12	1.02254970452362e-08
"COL27A1"	1.2195250079014	5.53436829169061	51.9169022261962	3.02163635281416e-11	8.19405346716824e-08
"EMILIN1"	0.90519530187026	7.75501970998041	51.7572192655226	3.20762390520265e-11	8.19405346716824e-08
"AEBP1"	1.35924079358163	8.51521489527516	80.6021076891439	7.8275946318652e-11	1.79964228181213e-07
"COL18A1"	0.829544281054171	8.8370200686575	47.047926852802	1.912501737338e-10	3.95835670653915e-07
"DCN"	1.06607356796707	5.86572961506257	46.8470223218481	2.06603803568656e-10	3.95835670653915e-07
"MMP2"	1.12009708366004	8.38666457302013	60.7349832872201	4.72068930912179e-10	8.34872060815531e-07
"CLDN5"	-0.913443647720801	6.90883140048573	44.0068098496697	6.21414586273831e-10	1.02049591093012e-06
"MRC2"	0.81519637648783	9.16479619790444	43.3133024627424	1.30926368741158e-09	1.96160579012939e-06
"COL10A1"	2.22250154345322	4.05567065189457	50.5039941292286	1.36512951337786e-09	1.96160579012939e-06
"TINAGL1"	-0.812557267035762	7.5193238175105	40.5352264946841	2.44764643741739e-09	3.18106786262409e-06
"SMOC2"	1.34621959608009	4.78047215139537	40.9027208252099	2.49050591654272e-09	3.18106786262409e-06
"FADS1"	0.998482329577981	5.75784358246472	38.3178791266148	5.96356246168937e-09	7.21622445035265e-06
"CLEC11A"	0.982412564340362	5.79212240017664	38.1848950098471	6.29313242357704e-09	7.23427037752299e-06
"GPX3"	-0.753881249491462	8.77996064816226	37.8485757885056	7.21161117174192e-09	7.89534059283421e-06
"SNED1"	0.76913554694619	7.67427352817635	37.3825361097903	8.71405139981108e-09	9.04215078231134e-06
"CNTNAP2"	1.67711360200647	4.07769492440288	37.2907103593761	9.04569040029407e-09	9.04215078231134e-06
"DKK3"	1.48567934952233	4.20318549507847	36.7920390125278	1.10839832704599e-08	1.06179941404643e-05
"COL5A1"	1.24826999868198	9.71286997177286	63.857098993323	1.22239769307821e-08	1.12416581446244e-05
"CA4"	-1.61291413046733	4.10413951751342	36.2955403362136	1.35780286455243e-08	1.15769495969174e-05
"PRRX1"	1.34151876257808	4.81951939359123	38.8240540941456	1.35956521733187e-08	1.15769495969174e-05
"MELTF"	1.21254944737132	4.91861947320197	36.0856765187241	1.60492954282941e-08	1.31781911139968e-05
"SNCG"	-1.10764105592182	5.82490499393291	39.9192996273807	3.11565629643343e-08	2.47007082452762e-05
"COL11A2"	1.32336595088687	5.45679463053106	43.9688406376519	3.41163548687596e-08	2.61456371595884e-05
"BGN"	0.885965540617776	9.32533214349507	41.1656416091048	6.06576279660442e-08	4.49864362763652e-05
"FNDC1"	1.9522982376809	6.55594919768528	75.1657217495306	6.41992801103218e-08	4.61251765317628e-05
"JCAD"	-0.730647466152992	7.24933059258905	32.3222024463452	7.05071430836323e-08	4.77356953996936e-05
"IGSF3"	1.4560200317131	4.29496577937407	32.3192894894164	7.05934341085461e-08	4.77356953996936e-05
"COL7A1"	1.55689841093861	4.51390453645743	36.2993177329417	1.0772364377014e-07	6.8966815645207e-05
"ABLIM3"	-0.946096302376077	5.56164869991581	31.2664007440337	1.10009024934003e-07	6.8966815645207e-05
"PITPNM1"	0.982658942218346	5.47947212410438	31.7125006176778	1.10990047360822e-07	6.8966815645207e-05
"PTN"	1.44498365003611	4.22104998437783	31.2963667434689	1.20355555762073e-07	7.28182784875216e-05
"APOB"	-1.17355937019183	4.8307958097838	31.1483444962224	1.44076770594999e-07	8.14844490538015e-05
"CD300LG"	-0.952833621655972	6.34091603627707	35.1063585071923	1.44552398206074e-07	8.14844490538015e-05
"NPR1"	-0.859932209084049	6.22396076639879	31.5469375094583	1.45311748562736e-07	8.14844490538015e-05
"FGFR3"	0.94940758677579	5.49527792673589	30.4654365573288	1.54487104900647e-07	8.45669768754947e-05
"LRP4"	0.864928680316959	6.13865147607496	30.8462088949453	1.7346954507583e-07	9.27497281590326e-05
"APCDD1L"	2.44986775058529	2.77224403025441	29.7538413671117	2.09201643453905e-07	0.000109312613287471
"MDK"	1.0114124792537	6.40755099971441	36.5131475681268	2.25097296043892e-07	0.000115004709629892
"SCNN1B"	-1.6222128944716	3.86110152307207	29.7990152475203	2.55079431106395e-07	0.000127489808707981
"CERCAM"	0.818250750525188	6.20905286190487	29.2701830177956	3.06968658246156e-07	0.000150159923866753
"ATP8B2"	0.855614665720356	5.62691868822642	28.7590070667841	3.2041375992791e-07	0.000153471515718804
"OLFM2"	1.0717946271537	4.87064314965751	28.4192386974185	3.70879310302933e-07	0.000174018086187239
"FRY"	-0.8912769331321	5.53768668874043	28.3511825446275	3.81921284774894e-07	0.000175615045165192
"PTH1R"	0.977342160370226	5.1727705727411	28.1529981396367	4.16017230330819e-07	0.000187542198873252
"UNC5B"	0.753477851442488	6.82541082847173	28.4341121572889	5.19132936749928e-07	0.000229526641323415
"CDH11"	0.694047399844815	6.9872766671185	27.4550660793233	5.62732000732343e-07	0.000244108894883723
"FAM20C"	0.669600714294629	7.40818424423269	27.390963950826	5.78605854182737e-07	0.000246346799879913
"ZFP36"	-0.567368374756755	11.5904668200492	27.265273693892	6.11064614518625e-07	0.000255436119134504
"ITGA11"	0.993402972679538	5.04982111053938	27.0200489487013	6.79821484463419e-07	0.00027910313838033
"ATP2A3"	0.761108645632587	6.36724061199916	26.7904733107117	7.51311093731383e-07	0.000303041988701372
"THBS1"	0.602100548143774	10.031974091213	26.4642208499837	8.66268420556087e-07	0.000343385814775948
"C1R"	0.724598985550807	7.42366702851031	27.7546618228286	8.97251926347164e-07	0.000349639305739791
"C7"	0.850529605319492	6.28000465627606	28.6520595573029	9.14152677201028e-07	0.000350288070025481
"CHPF"	0.785556198896408	6.22560646654067	26.8736298511428	9.62971155156857e-07	0.000362945407019858
"SDC1"	0.856945825355886	5.48659304469919	26.0796829652386	1.02498020663122e-06	0.000378394966050976
"NDRG2"	-0.699099476628422	6.54876596838415	26.0533399024581	1.03687890310171e-06	0.000378394966050976
"TIMP3"	-0.595745931526911	9.00558900726077	25.9548146065837	1.08263931548936e-06	0.000388921257850248
"PLAC9"	-0.734838018175467	6.44612012358786	25.7967851447874	1.16704498603498e-06	0.000412792788829695
"ALPL"	1.31398348474664	7.35687776100442	45.7887693035693	1.30930799101486e-06	0.000453915489951709
"CYP1B1"	0.648586430271143	8.5904117921702	26.1015268591142	1.32279317240505e-06	0.000453915489951709
"AHNAK2"	0.965417755066936	5.46636453053704	27.7964865415566	1.34698190124687e-06	0.00045541854252304
"HTRA3"	1.02636880182879	4.94857738544845	25.7588839693359	1.58311257502214e-06	0.000527272048710165
"AGT"	0.7983912209531	6.40332610558939	26.654462255689	1.60536920576363e-06	0.000527272048710165
"ELN"	-0.931523910725439	6.33850438385935	29.9040889058141	1.78494225541791e-06	0.000577994470342439
"RCN3"	0.746655747025977	6.09211395885301	24.5206074058672	2.03713275538902e-06	0.000650496099710402
"MATK"	1.32924983841199	4.35646393446165	26.3339910322149	2.19067846321514e-06	0.000689943678736701
"JAK3"	0.845654754568767	5.61434673899343	24.6159376475182	2.47521099476613e-06	0.000768716160471289
"LGI4"	-0.732405873064938	6.42507589665139	24.5228689708223	2.50766439195106e-06	0.000768716160471289
"PKP1"	-1.0933374433914	4.50833214481951	23.7378123076791	2.88456318155427e-06	0.000872618317198872
"CTSK"	0.903583014554941	5.89381200322406	26.6251315780804	2.92783598630649e-06	0.000874206196898343
"CKB"	0.751700182644345	6.60624223109138	25.2272531952544	3.08711413999739e-06	0.000909946681957437
"COL3A1"	1.96066476165689	12.219608034468	60.3231933858299	3.84674969959899e-06	0.00111950154865165
"SDK2"	1.05850798733637	5.42983509354184	27.6954490095051	3.89771288326328e-06	0.00112015396123883
"NCS1"	1.10629968075181	4.44519293527601	22.9657316892997	4.07322751214251e-06	0.00115614288557615
"PYCR1"	1.9929452251652	3.4651622390797	25.9143426118517	5.70989444852703e-06	0.00159837841658783
"COL8A2"	0.999433690284485	4.9118767927072	23.0631901285482	5.77031919345787e-06	0.00159837841658783
"PPP1R1B"	0.897391804875613	5.41795502898151	23.3324555984674	6.14775976815476e-06	0.0016667755534004
"ROBO4"	-0.622204465265907	7.53293446589211	22.2224089321723	6.16223400630831e-06	0.0016667755534004
"FMOD"	0.617017481065585	8.0475048506401	22.3857349166874	7.02590491643512e-06	0.00187828581318325
"MAOA"	-0.688583876323853	6.67037400140916	22.3717321532438	7.55750642325028e-06	0.00199717965720629
"MYL9"	-0.563331806708271	9.09519377631716	21.4177203016551	8.18597855241726e-06	0.00212568496851002
"BTG2"	-0.540871007032269	9.0651395488965	21.4062463007045	8.22869654201175e-06	0.00212568496851002
"GSN"	-0.651856788458857	11.849162565062	25.0747191581948	9.58196155471203e-06	0.00242980459697633
"SSC5D"	1.01449194631785	5.1655515177195	23.885134199006	9.61733801595608e-06	0.00242980459697633
"PLAT"	-0.590212529211596	8.40637198522175	21.4021845789663	9.74825104683309e-06	0.00243610912845369
"OLFML2B"	1.19742195824561	7.07076466537157	34.98835205381	1.01149613340277e-05	0.00249343388950055
"ARL4C"	0.691367385942764	6.23812789408715	21.1071267320902	1.01945450660281e-05	0.00249343388950055
"S100A1"	-0.964183493875887	4.84295841972267	21.0072691159324	1.03693745595162e-05	0.00250949779471408
"COL8A1"	0.65766570642628	6.55517072042419	20.9314796406488	1.06687144910266e-05	0.00255504598815825
"MGLL"	-0.5427802751211	9.16465181032441	20.7199215967397	1.12438159506691e-05	0.00266501621156529
"CADM3"	0.868040565330657	7.25218493424719	26.9717310273896	1.16619136878933e-05	0.00273590875100362
"CCN5"	1.27993940012929	4.10731360361764	21.2900992145555	1.24220211306904e-05	0.00288479482642123
"IL2RB"	0.890802173208076	4.92171007707744	20.4428132862431	1.27604562745969e-05	0.00293375650209257
"ALX4"	1.12206703403945	4.28465546686383	20.4035921927486	1.29913381089255e-05	0.00295726588576541
"MMP14"	0.569068507605117	8.06774147408634	20.366865169382	1.3211391944247e-05	0.00296380718187053
"TRBC2"	1.67595406504167	3.41449917316814	20.8750339031121	1.32778974265001e-05	0.00296380718187053
"ABI3BP"	1.72265258013286	3.05027674134663	20.1926061347189	1.43083388543768e-05	0.00316310594808632
"MXRA5"	0.839370737217193	7.11765220349864	25.4876648912516	1.57007731292219e-05	0.00343787119060897
"GPC1"	0.617241287454694	6.64441243101609	19.9689276761706	1.58535132609487e-05	0.00343856720172143
"FKBP10"	1.10938942342558	6.60305498290453	30.4953341901069	1.60712213194389e-05	0.00345320980705812
"NIBAN2"	0.582210785735154	7.33346302521904	19.8797058144906	1.6516307725842e-05	0.00351598547152623
"COL12A1"	1.06268816099409	7.15835485006701	30.4394816973935	1.7110596025838e-05	0.00360907993789029
"SRPX"	1.03726592279567	4.40563667567512	19.6088190344102	1.87066933216039e-05	0.00390986896506359
"RHOB"	-0.485820254464366	10.7742541683466	19.5310806751471	1.93883182385354e-05	0.00401582724884836
"SCARF2"	0.666947092806616	5.87805314552684	19.5023573748988	1.9646519938502e-05	0.00403297446344731
"RASL11A"	-0.64680042413877	6.88991091099434	20.1732036818944	2.00355566035771e-05	0.00407643789268001
"SPTBN1"	-0.524710350138414	11.5612982499815	20.0649911820389	2.04962706890003e-05	0.00413359438079654
"DEPP1"	-0.754507453365108	10.3853446481785	25.4875118702567	2.23721208897679e-05	0.00445726062616453
"HIPK2"	-0.548037502532662	8.25297582747101	19.2093772527201	2.24888970742937e-05	0.00445726062616453
"ADAMTS17"	0.791057349270432	5.28799033923533	19.0669822399876	2.42793503902931e-05	0.00477099610960025
"ITGAL"	0.848245968222661	5.54923796722961	20.6076726305867	2.58395656206273e-05	0.00503455468799866
"TSPAN11"	0.893062401276402	5.69554100383911	22.1394802720094	2.61591871136099e-05	0.00505399891536979
"SAMD11"	1.40696575477187	3.42902115074589	18.8017171841971	2.7155578049413e-05	0.00520278245778378
"GGT5"	0.523363796242566	8.21969394318834	18.7007728515274	2.84564092254712e-05	0.00540695292977528
"BPIFB4"	3.70971389612148	1.26607607103417	18.62769286324	2.95554339341302e-05	0.00556974575065236
"BMP8A"	0.824015019014839	5.01063650711135	18.5560809638161	3.04325383546666e-05	0.00568841048221251
"HIF3A"	-1.14891914052425	4.31302016884545	19.7152925965272	3.07910606726451e-05	0.00570847187128445
"IGF2"	0.532027239344209	8.23383056098984	18.5137668120567	3.10364483454637e-05	0.00570847187128445
"PTK7"	0.722671783818845	5.54040408558026	18.4870585752223	3.14238984774896e-05	0.0057338638880632
"C1QTNF6"	1.00212562708148	4.52557947808282	18.8290287722729	3.28813238564837e-05	0.005952555250271
"COL6A3"	1.67358955643755	9.68516009894959	39.3554137285366	3.3522003831918e-05	0.00602112804765333
"RARRES2"	-0.554750956912871	7.85072841074109	18.341449603656	3.56044831855329e-05	0.00634560211564796
"FADS2"	0.938862373452877	5.6708245863701	22.2186282761546	3.69128236967697e-05	0.00652817484317256
"NLRC3"	1.20918244344855	3.93539836142808	18.1918960890914	3.75288808404295e-05	0.00656937846590602
"PLEKHG5"	-0.558341829664942	7.99385090021873	18.4125199891353	3.77172788264797e-05	0.00656937846590602
"FAM20A"	0.714272608131758	5.43874219890311	18.0637275899329	3.82671341017389e-05	0.00661503518897052
"GPIHBP1"	-0.857441889045453	6.20207304080728	22.0955754988681	3.8662905567492e-05	0.00663357359628514
"ANTXR1"	0.63300183969589	6.06655784031421	18.01678178791	3.91141621716365e-05	0.006661286685097
"CLEC3B"	-0.718272025647961	5.76151660611045	18.5208800541979	4.03508407929106e-05	0.00682136897551329
"PCDHGC3"	0.681029266537316	5.58348170312217	17.8400221540126	4.24784237056194e-05	0.0071238311237363
"MYO1D"	0.662811965544912	5.81293157800648	17.8258945548021	4.27597188062986e-05	0.0071238311237363
"IGHV1-3"	1.29459091978061	4.00640568649791	18.6061745941585	4.31137508791065e-05	0.00713113846375208
"GLIS3"	0.849636309002916	5.72226207917211	20.25169190369	4.57060707361914e-05	0.00750591623068412
"KIAA1755"	1.1429134559962	4.01159378852955	17.6407401697896	4.70619811377923e-05	0.00767377310878711
"KLHL30"	-1.0668626718102	4.23109187115837	17.5879103589773	4.779408650537e-05	0.00771151803183676
"WHRN"	0.756069847195833	5.07525382648074	17.5803176273989	4.79642937911643e-05	0.00771151803183676
"ADAM12"	0.744065277149688	5.15399404950656	17.5570844882079	4.84889597569906e-05	0.00774173384564563
"FAT3"	0.824535786785645	4.8687896321159	17.5374981789566	4.89358108755453e-05	0.00775919467475629
"P3H3"	0.916755391981465	4.52449314249557	17.4585591716051	5.07797075785879e-05	0.00793715337990146
"PHGDH"	0.963979271869813	4.51879345495767	17.6003541560482	5.08274851322648e-05	0.00793715337990146
"ADGRB2"	0.830347606944041	4.88764103372901	17.4454021146155	5.10938497771048e-05	0.00793715337990146
"TRABD2A"	1.73517595574659	2.8268505571933	17.4169844184404	5.17791338818473e-05	0.00798962461125874
"CXCR5"	1.59499529767931	3.28447991733449	17.5331269709461	5.3797109412675e-05	0.00824566228337875
"PHLDB2"	-0.771745694653351	5.26681130858463	17.4320179760523	5.84041326297286e-05	0.0088925126707953
"CRABP1"	2.25854418393578	2.5154088337289	17.4898940798917	5.89686236369578e-05	0.00891939227656117
"TIMP4"	-0.596176843003675	7.90063950952258	18.4086398998147	6.08016614080931e-05	0.00913654246688541
"ZAP70"	0.995732417546013	4.3726709319277	16.9439987321403	6.65669272090196e-05	0.00993792352897772
"SLC17A9"	1.0515153028674	4.20057509503609	16.8575182900328	6.98230673407592e-05	0.0103567880079445
"GPR182"	-1.60940186815275	3.06283744820329	16.7093199439313	7.22295531096346e-05	0.0106450618945103
"FAM102A"	0.585984075863898	6.28687718660751	16.6481201219765	7.43463817089413e-05	0.0107719918713465
"PPP1R1A"	-0.606148136483399	7.48687027187653	17.9609856434798	7.48223445411583e-05	0.0107719918713465
"COL1A2"	1.49448363038134	12.6358625239611	33.287652750398	7.48582710743096e-05	0.0107719918713465
"PLEKHA4"	0.633093572609204	5.85786475337173	16.6305722147446	7.49649297296957e-05	0.0107719918713465
"NTRK2"	-0.609259735858907	7.62745384396139	18.1117711015669	7.56294156901384e-05	0.0107999745101365
"SFRP4"	0.630876099569763	6.00508420148491	16.6242158607523	7.65064586543103e-05	0.0108577777217361
"NUP210"	0.844349036313288	5.55026478618698	18.7333055266065	7.90793944297724e-05	0.0111540758118705
"TMEM176A"	0.760277399542319	5.12526415214543	16.5031971121631	7.9614896615134e-05	0.0111611346834058
"FOS"	-0.426912057479125	12.4148283893504	16.4011922290135	8.35500410231642e-05	0.0115835419128036
"MAP3K12"	0.793435976324556	4.77004784738115	16.3990271329564	8.36356816808922e-05	0.0115835419128036
"SH3RF2"	-1.40575804529277	3.42848387295776	16.4266432832297	8.58508760369891e-05	0.0118191466524935
"KLF4"	-0.47956771960704	9.66469858074102	16.3299086703456	8.64172181008221e-05	0.0118262991747381
"COMP"	1.72007504010864	9.46320276221106	32.2139487420619	8.73050726595242e-05	0.0118771060681368
"NBL1"	0.552520284218692	7.03528993498569	16.3751418546447	9.00553803744323e-05	0.0121791955893445
"AFAP1L1"	-0.604255526551668	6.10564864844309	16.1786503350162	9.28380321502063e-05	0.0124821005682187
"PALM2AKAP2"	-0.501453797636136	8.92001840810711	16.2878479580692	9.43415013883317e-05	0.012610496851274
"COL5A3"	0.514383116755421	7.80948053185025	16.1108377866924	9.58725662256216e-05	0.0127410761277067
"CPM"	-0.569820296768997	6.80420253270943	16.3614781161811	9.66924638504539e-05	0.0127761864160103
"TFF3"	-1.25064543775779	3.69015952692813	16.0697655464945	9.86054635061877e-05	0.0129545040655472
"FBLIM1"	0.617304072520182	5.67165679643868	16.0260550772156	9.98092346899961e-05	0.0130381483793051
"DLL4"	-0.710730211438749	5.79888087936817	16.9434939232306	0.000103067692238973	0.0133457102867672
"PLVAP"	-0.526756699056781	8.07773363888263	16.2994098486247	0.000103704609857289	0.0133457102867672
"ADCY3"	0.575664308465856	6.21569054798536	15.9413886430075	0.000103905099444623	0.0133457102867672
"WFS1"	-0.533035921100111	7.80883115814073	16.2530569495369	0.000106324827448516	0.0135806339326046
"PCSK6"	-0.700110046155733	5.29981924032835	15.8564250396074	0.000108187766875604	0.0137422372830774
"ATF3"	-0.517334117997491	7.58967654572773	15.8003082577796	0.00011111468867201	0.0140364714684515
"PDK4"	-0.491035764922178	7.90781097712601	15.7551494359513	0.000113528626414018	0.0142630418026485
"CCNL1"	-0.50304704033802	7.78623591683182	15.6910444362167	0.000117047486253473	0.0146252106329
"IQSEC3"	-0.749228003975055	5.12559476411065	15.6801120762005	0.000119597835119161	0.0148631017687818
"CH25H"	-0.826177007989414	5.38188622898869	17.1577260859399	0.000121278185524394	0.0149908965773728
"CREB3L1"	0.980778675436893	4.61402965713992	16.4892481569516	0.000127406625488645	0.0155329319745695
"GLIPR2"	1.10310779232172	4.74119763629425	18.3329670317236	0.00012779484974594	0.0155329319745695
"NPY1R"	-1.78078341182308	2.59418465815511	15.5048383536843	0.000127912911396008	0.0155329319745695
"CYP26B1"	0.699226112554802	5.43609643115768	15.7472996451161	0.00012836575508539	0.0155329319745695
"DNM1"	0.917801056769961	4.3773062475506	15.3304392973809	0.000139022134470781	0.0166337753664046
"EPHX1"	-0.480035173817604	8.11756527150578	15.3198807244316	0.000139725503763975	0.0166337753664046
"COL1A1"	1.75774098886311	13.4621106914258	29.0420196840466	0.00014016428595914	0.0166337753664046
"SATB2"	0.586855933708293	5.9691996218562	15.3104441499802	0.000140357201560719	0.0166337753664046
"SEPTIN1"	1.32720908595795	3.54557222460665	15.4474780757811	0.000152745608190948	0.0180090988611183
"TEAD1"	-0.553756048267468	6.58774820163099	15.1305149990061	0.000154090404719632	0.0180749617087197
"C2CD2"	-0.643686279734662	7.20802137655419	17.1433186252119	0.000155078870956966	0.0180985701633077
"CRY2"	-0.501860675675278	7.63329589595288	15.0523423994329	0.000158812644884308	0.0184407147400764
"HIP1"	-0.504561016200652	7.22493136468894	15.0214973861541	0.000161177949146605	0.018621317732812
"SCN4A"	-0.715006445056556	5.17939777924308	14.9580279198491	0.000167100186686905	0.0192090019605932
"CPXM1"	2.30324144615899	5.33251423157421	27.7773491476117	0.000170629200419007	0.0194761567347993
"CRIM1"	-0.498175913253324	7.65588778476784	14.8967273660082	0.000171118422879799	0.0194761567347993
"STC1"	-1.27120464395556	4.19623286304391	16.4123768663125	0.000181407510754803	0.0205455176343038
"SLC25A25"	-0.522684837899705	7.99805225110813	15.273162092455	0.000182793355226754	0.0206009903432269
"SEPTIN4"	-0.65399094410395	6.00387050636015	15.5482018537689	0.000184700927928002	0.0207144343121595
"TPM1"	0.534788167593095	6.33456191299512	14.7144298953596	0.000186779212352496	0.0208458294718264
"BMP1"	0.518505906117087	6.56306476331592	14.6808143441444	0.000189823076572598	0.0210831997752686
"CHI3L2"	1.36326222658287	7.91816725822757	26.77332285311	0.000192763584803301	0.0212656709922667
"SH3PXD2B"	0.530772283339442	6.63493887314081	14.635002179867	0.000194053031866244	0.0212656709922667
"CCDC50"	-0.525737177292873	6.5544754566133	14.6329919512141	0.000194240829384368	0.0212656709922667
"COL11A1"	1.66756923078576	6.29909377917646	26.7669195537344	0.000198695046065752	0.0216502265597047
"ADAMTS14"	1.41614265012884	3.28167125644564	14.69904900335	0.000199853036890858	0.0216736847696119
"CILP2"	1.69523368709063	5.72046763552906	26.3134759661296	0.000202032425364684	0.0218071713218754
"TCN2"	-0.647519789285002	6.39226329845793	15.9006030986664	0.000203549764236756	0.021823390961248
"RFTN1"	-0.49529770663264	7.44711435632553	14.5303432489874	0.000204081121163426	0.021823390961248
"RAPGEF3"	-0.548802211093609	6.82871470378698	14.8590755138302	0.000207962295078973	0.0221030454837893
"CAT"	-0.501997535196154	7.75365669675354	14.6426994897885	0.000208619062675929	0.0221030454837893
"IL17RE"	-0.676072694572647	5.37254055006188	14.5149406865814	0.000209871089126435	0.0221336982114948
"WSCD1"	-1.14668485106816	3.72874149961922	14.3531962203522	0.000223066058958124	0.023417861924686
"SOST"	2.92546831879847	1.44096835836214	14.3379175043151	0.000226382581229738	0.0234979129412307
"DDR1"	-0.648126274640433	5.67262455890058	14.641370046737	0.000227289761989924	0.0234979129412307
"FZD4"	-0.489303765608115	8.46799398854021	14.5706534001601	0.000227545797667604	0.0234979129412307
"SEMA6A"	-0.844425042154378	4.66412439162176	14.5506182401565	0.000227916775516265	0.0234979129412307
"SOCS3"	-0.450303055642658	10.8641079558945	14.5344018657559	0.000230404932580763	0.0236483919864478
"TXNIP"	-0.47174163785424	7.47453796389684	14.2329039347536	0.000235568335204517	0.0240708959763869
"GOLM1"	0.818305804240405	4.6491763318583	14.2062642349802	0.000238620113950344	0.0242748453089928
"VCAN"	1.60399677686933	7.51487028987109	25.6481457841382	0.000242652681786807	0.0245763339513678
"MAML2"	-0.634001366867444	5.90694492872713	14.6582734868735	0.000248907529987585	0.0250992676401077
"TNFRSF13C"	1.02355678994465	4.4626898950333	14.914005450509	0.000250873864204096	0.0251870786546566
"UVRAG"	-0.647236944313702	5.25952199628454	14.0681463123305	0.000255102175583473	0.0255002352993027
"PTGDR"	2.01784962888222	2.25216242032465	14.0338129035578	0.000259376763208505	0.0258152864195962
"NOTCH1"	-0.451482392568628	9.19198940837888	14.0173507489598	0.000261452208849204	0.0259096885071209
"SPOCK2"	0.713096516760731	5.16002275285757	13.9620815050345	0.000281341908224517	0.0277610807381539
"RASSF3"	-0.618706893210253	5.50098781691762	13.8291827609105	0.000286415765583663	0.028140960968094
"SNRK"	-0.569498081041695	5.81852854896103	13.8135308242613	0.000288598918507101	0.0282347988740288
"IL21R"	1.06008789801936	3.82885233464209	13.7537134116714	0.000297100106498895	0.0287705897544818
"PSMB1"	-0.613947093284252	5.45762152551197	13.7533165721709	0.000297157350812695	0.0287705897544818
"CITED2"	-0.465551505043999	7.99251179809531	13.7486621082274	0.000297829601216418	0.0287705897544818
"STMN3"	1.10832322777104	4.06570714899543	14.6162358028837	0.00029935017268637	0.0287964846034825
"PDE2A"	-0.49789129496008	6.91065297144402	13.6838862636009	0.0003073481383283	0.0294426710346081
"TENM2"	1.08663975020785	3.76082495749737	13.6712195521871	0.000309245480242603	0.0294948955756053
"S1PR3"	0.549364704011733	6.6131272551386	13.982851862588	0.000310459080914117	0.0294948955756053
"HSPB7"	-0.757996542924977	7.7726118288028	17.9289508499181	0.000317397709941914	0.0299900649090649
"ACAN"	1.83565565488575	7.59263681253847	24.0858606944446	0.000318280015563126	0.0299900649090649
"C1S"	0.469171873929351	7.57812763854184	13.5912059953878	0.000321510355061589	0.0301707941764122
"EGR1"	-0.404785915435841	11.7324791307589	13.5525226719803	0.00032761699186807	0.0306188709757675
"MAPK13"	0.96183290570148	4.01685497409041	13.5358447857539	0.000330286229638413	0.0307433631806346
"KCTD12"	0.462864876032854	7.96079038774161	13.4691617879532	0.000341182520509075	0.031629545681549
"JUP"	-0.484791820479789	7.12641355579876	13.4519908858718	0.000344047314928777	0.0317670354117571
"SBF1P2"	-4.8663621754978	0.201264579183592	13.3844451520371	0.000359661388174769	0.0330758999021045
"SPRY4"	-0.524044305950253	6.9792527202371	13.6580759564171	0.00036992937994674	0.0338075765981203
"BHMT2"	-0.744356490312467	4.80565268861857	13.2972164979678	0.000371005511901966	0.0338075765981203
"GLIS2"	0.610658965978967	5.49773765891179	13.2915695653314	0.00037202891911289	0.0338075765981203
"STX11"	-0.504770954680916	6.50404482531965	13.2670432434227	0.000376507462308342	0.0339811258223815
"SYNM"	-0.525217408201954	7.42150814670521	13.9054202886266	0.000376894745104923	0.0339811258223815
"ESYT1"	-0.461290336708816	8.34486175810572	13.3088471351079	0.000379075320030727	0.0340442214172908
"ALPK3"	-0.796235922482594	8.18355460748837	18.2816048560252	0.000382160057756714	0.0341877116260102
"FBN2"	2.33686350738466	1.8980676837544	13.2112738874771	0.000388942443718855	0.0346595958276751
"FOXO4"	-0.641347035540542	5.10286782096263	13.170987341287	0.000394584417678385	0.034812277104065
"SELENOP"	-0.462111775966709	8.86793396636045	13.403915608377	0.000394977999113536	0.034812277104065
"HEBP2"	-0.48301931677444	6.92787215734583	13.1678047565898	0.000395198309084466	0.034812277104065
"IGFBP4"	1.17200363855697	9.59281688508749	22.6292384085039	0.00040126658437592	0.0352119085549114
"SCUBE3"	1.74877322518145	4.98761738496101	21.6960077916158	0.000404016717550998	0.0353184348030988
"MYRFL"	-2.72276721009043	1.65094639698926	13.2085624732396	0.000406536309384372	0.0354040768524852
"C4A"	1.29604144191387	3.37732703352405	13.3025187578443	0.000414281523695342	0.0359424396652061
"SNORA37"	-0.452111816712046	8.57398985852599	13.0659850337017	0.000422789048549116	0.0365426429142584
"MMP11"	1.13419074861787	3.56262871308307	13.0169696006482	0.000425440967105821	0.0366341321150934
"P3H4"	0.90629745443896	4.29350670415873	13.200920063557	0.000430096134804991	0.0368907214236966
"TBX2"	0.587857678698054	5.62121797620298	12.9850394255318	0.000432140672883993	0.0368907214236966
"SP7"	0.927311848705667	4.04445166208527	12.9770542970524	0.00043383293328829	0.0368907214236966
"SLC7A5"	0.49370149086303	7.53531981307935	13.2118910260753	0.000434839089462041	0.0368907214236966
"DEDD2"	0.648920702242089	5.20239192508644	12.7813565081823	0.000477493288158364	0.0403604712795917
"PTGFR"	1.66794735245707	2.7446602513625	13.0350177313271	0.000483055319887567	0.0406810434415203
"CRYAB"	-0.578218465142289	8.65350855264963	14.7294196010662	0.000491969958233212	0.041280588721678
"TMEM119"	1.13706524514543	6.25428477422347	19.6999420554138	0.000497204392273686	0.0414957359518652
"PNPLA3"	1.88498676224733	2.44617074270118	12.9727674902205	0.000498553394514173	0.0414957359518652
"IGHV4-59"	0.899931485956676	4.3188476850007	12.8611011769338	0.000499948625926087	0.0414957359518652
"NOTCH3"	-0.500341115691042	10.5675624307407	14.0598581595526	0.000503465413529937	0.0416373141095927
"BASP1"	0.767387209745189	5.45478587018135	14.1716924632911	0.000505974863315508	0.0416948676791643
"MAP2K1"	-0.454856739555313	7.16224221115804	12.6176951949297	0.000517443498114194	0.0424876552326551
"UROD"	-0.519887086659833	6.08439968147689	12.6079195120958	0.000519935271442449	0.042527150964259
"DLG4"	0.629866920677507	5.2764926139193	12.6013216528827	0.000521623964678397	0.042527150964259
"FHL1"	-0.540341245904137	9.06261421624513	14.1861443295715	0.000523773156420295	0.0425514792906679
"P4HA3"	1.73817265046226	2.47444010083677	12.5733373111062	0.000528849003093597	0.0428125613736792
"SH2D2A"	1.24089606707445	3.3612048991993	12.5738161881441	0.000536183737779574	0.0432337228998136
"ZNF831"	1.05613693647533	3.77124614858286	12.5357567772673	0.000538712890329716	0.0432337228998136
"TGFB1"	0.474444205328625	7.75519144149845	12.7814763799653	0.000539692856867753	0.0432337228998136
"FN1"	1.14827624486971	11.5654601544416	21.0531511316811	0.000555451658051383	0.0443416287161783
"LIMS2"	-0.498970137719418	6.57604440755612	12.4657412945241	0.000557594853483457	0.0443586964582635
"IRF1"	-0.438280181516855	9.60741834179846	12.6696194377612	0.000560966961018825	0.0444730737958062
"CD6"	1.03822927331251	3.92183585014078	12.5797597262036	0.000571367455164054	0.0449889605148865
"ARHGAP29"	-0.944531242535472	3.95883352386976	12.416111984236	0.000571387780885862	0.0449889605148865
"FRMD1"	-1.18351456607572	5.1224137942334	17.1186055622135	0.000581475511962933	0.045555834856035
"CYP4X1"	-0.884470330928518	4.2637606503547	12.4572381219332	0.000582848977367302	0.045555834856035
"SPARC"	0.39357570976957	11.2202763130485	12.3699445829106	0.000584531829086613	0.045555834856035
"C1orf198"	-0.483454683033753	8.04669941590857	12.8523624217519	0.000588978017088673	0.0456044730978006
"HIP1R"	-0.538201965892293	6.04322022181959	12.3540680254578	0.000589123070333904	0.0456044730978006
"DENND2A"	-0.696271847137468	4.9405499805117	12.3239131120851	0.00059794520020783	0.0461320741542893
"PCOLCE"	0.917790098416158	8.0869233293962	18.5690477416394	0.000604738101985456	0.0464204827300808
"TSPAN15"	-1.00822164669718	6.53099531317276	18.2261787664752	0.000605934716412256	0.0464204827300808
"SCD"	1.07936852567972	10.4230818020425	20.4605530157294	0.000607740650765704	0.0464204827300808
"GLT8D2"	1.49189294091717	2.73080484605003	12.2798854706322	0.000611069269345902	0.0465176359683367
"NTRK3"	-1.17949995554729	3.49569155464465	12.2861168686158	0.000613059183959202	0.0465176359683367
"EPHB2"	0.851145252532358	4.26467874584488	12.1715724238642	0.000644624714347795	0.0487514406221999
"SLIT2"	0.483809932619998	6.51506354936504	12.164940379233	0.000646739567211994	0.0487514406221999
