"genes"	"logFC"	"logCPM"	"F"	"PValue"	"FDR"
"CPXM1"	2.30368288367196	5.48073489407911	98.1661805579673	3.89469453264295e-23	9.16694252148171e-19
"FNDC1"	1.60203323797936	7.78605493474344	95.8300519021148	1.3093252666763e-22	1.540879440088e-18
"SCUBE3"	2.4255859719385	4.83975466220426	77.9526350777014	1.06203729357413e-18	8.33239059295145e-15
"THY1"	1.44618197956641	7.46613818526466	76.6516710430064	2.05123659407571e-18	1.11666377670781e-14
"AEBP1"	1.25754529666356	10.01469211096	78.0407864293313	2.37214550857757e-18	1.11666377670781e-14
"COL16A1"	1.41181209745762	8.51661926436665	77.4966852312501	1.18157413468338e-17	4.63511840134044e-14
"ALPL"	1.33295948605229	7.80679663185161	70.1528803707664	5.51506462241366e-17	1.85440108596786e-13
"VCAN"	1.30146210620923	7.70112694417171	65.5493160893579	5.69205403635763e-16	1.67467344817187e-12
"COL6A2"	1.35573833452043	11.6805857145881	83.9944937936312	1.30999903919846e-15	3.42593859840157e-12
"COL11A1"	1.42783891186385	8.28608356684897	71.5418081582157	1.50902449400489e-15	3.55179095153932e-12
"MMP9"	1.110710257977	9.34313726414862	57.9373470178774	2.8238135320907e-14	6.04219082771081e-11
"NLRP3"	-1.23302346487247	7.5629203443663	57.5053554527301	3.38175378808218e-14	6.63302824250751e-11
"INHBA"	1.41710494034226	6.42250624832608	54.4374677414523	1.84606186707837e-13	3.3423660127249e-10
"CKB"	1.24918065897656	6.96134741688398	52.4553944624913	4.4172297631767e-13	7.42630978113499e-10
"COL5A3"	1.15402673309701	8.11201773124409	52.1971209064321	6.96652316587043e-13	1.09314037170062e-09
"LOXL2"	1.12073653702155	7.29582881766593	46.7924532407787	7.90908080894284e-12	1.16347521875055e-08
"ADAM12"	1.72038348393122	5.03791972761525	46.4877125664356	9.24721245982687e-12	1.28030376274674e-08
"OLFML2B"	1.06676085361826	7.75708969714794	43.9393552620359	3.39893300700158e-11	4.24347275848561e-08
"MMP14"	1.03381154583063	8.49866883063235	44.2681962452301	3.42549952887907e-11	4.24347275848561e-08
"COL15A1"	0.966520464405658	9.09893574425857	43.5939065745107	4.07092947839576e-11	4.68266704291967e-08
"COL5A1"	1.37259192967465	11.1173762499525	64.2137923337396	4.348193768307e-11	4.68266704291967e-08
"APCDD1L"	2.36894592721558	4.42043541697368	46.948993283636	4.37688214063954e-11	4.68266704291967e-08
"EMILIN1"	1.00084419946133	8.30070395877237	43.318007099882	4.66164183134948e-11	4.77048103410751e-08
"FSTL1"	1.02233326268998	7.94278880441078	41.9882609484419	9.211662687021e-11	9.03395436101722e-08
"MT1G"	1.72735354672353	6.84562985460789	57.2758734511048	1.04695447651066e-10	9.85686700545256e-08
"LBP"	1.90580403816262	4.59639095143666	41.3920481504892	1.24884189098916e-10	1.13053813800815e-07
"LRRC15"	1.15668153209231	7.33593530637682	42.7481675074508	1.58666247105044e-10	1.38315831781904e-07
"ACP5"	1.04568371653648	7.5430427981046	40.6214783813546	1.85375022162459e-10	1.55827567737064e-07
"LINC00511"	1.51326577779697	5.31817289177805	40.4628435391102	2.12244097567426e-10	1.72261700842914e-07
"SMOC1"	1.10719976262272	7.18011730604325	40.6290991030828	2.2508754571361e-10	1.76596185448708e-07
"SPARC"	0.797867875787603	11.5146467870554	38.9946650606251	4.26507756931689e-10	3.2382945402907e-07
"CAVIN2"	-1.07957152326177	6.85484169332389	38.775709403408	4.76133093924832e-10	3.50210769740899e-07
"HTRA3"	1.21813388274043	6.12850247391094	38.6235556657058	5.16519817335748e-10	3.68403846685803e-07
"COL4A1"	0.839401085861478	10.1283089915342	37.2157799929472	1.06271885419377e-09	7.35682755034083e-07
"PRSS23"	1.13722551011871	6.49217112123423	37.0576987421593	1.23344820863635e-09	8.29476299619251e-07
"GPC1"	1.06695357671932	6.7543769553158	36.8004901684816	1.31071186488939e-09	8.56950698997264e-07
"PTGES"	1.33520509502165	6.23190513241722	39.332724356906	1.58434899896797e-09	1.0078600645597e-06
"COL12A1"	1.21782733040838	8.27769658476072	43.3126217561385	1.99058671792996e-09	1.23295893631362e-06
"COL5A2"	1.26901029683592	10.185192859847	48.5895442326571	3.47368459350244e-09	2.09641318659659e-06
"LCP2"	-1.05648902548263	6.68448983840916	34.5942294894595	4.0736821326586e-09	2.39705640890964e-06
"CAVIN3"	1.03801572628127	6.72893125914967	34.5440835560281	4.17578748896083e-09	2.39720756408954e-06
"COL7A1"	1.52557250407358	6.42272730302459	42.7764888326773	4.66380315892218e-09	2.57772380619953e-06
"TMEM119"	0.994221487072296	7.1695912170441	34.3103226531374	4.7092715157658e-09	2.57772380619953e-06
"MXRA5"	0.930459811974904	8.1472766943664	34.3947241705499	4.91066436885667e-09	2.62687061931317e-06
"IGHV1-2"	-1.03773318343867	6.94837192978801	33.9670799097858	5.8766592339689e-09	3.07375396422058e-06
"PRAM1"	-1.79323558942345	4.7025537449478	33.7600699863173	6.24922084976406e-09	3.19756328567167e-06
"HHIPL1"	1.17927218472157	5.93364991319467	33.4141472448315	7.53041799940384e-09	3.76710651334037e-06
"MELTF"	0.965067658458621	7.42027628695077	33.3806205526105	7.68241970685889e-09	3.76710651334037e-06
"SMOC2"	1.20873751727613	7.56437164179973	38.4353882461431	1.14548370550787e-08	5.50229591357936e-06
"CCL3"	-0.897058806047389	7.84024961283777	32.5115998757133	1.18611551222425e-08	5.58352016224445e-06
"ITGAM"	-1.07313473706685	6.36467240661852	32.430028848945	1.23787810910698e-08	5.71292883412765e-06
"ABCA13"	-2.4126572148012	4.21627630849762	32.439805210749	1.27023460789819e-08	5.74952153194226e-06
"COL4A2"	0.777608938645452	10.2253419885234	32.2923670615607	1.33268314390375e-08	5.91837040718161e-06
"SERPINE2"	1.12349426409481	6.20824702436026	31.8342081820347	1.83176221077555e-08	7.98410873241186e-06
"ADAMTS2"	1.08033105238298	7.55669976579305	34.6952216595906	2.00097207619379e-08	8.56306904679511e-06
"EDIL3"	1.33837777631685	5.22936633049288	31.4003097913601	2.10303602769604e-08	8.83913553283602e-06
"SPON1"	1.25664015152243	5.33511391777567	31.3001875080212	2.21280697719707e-08	9.08228937507245e-06
"CHPF"	0.944123622381038	7.39111977002644	31.398378990375	2.23806255578112e-08	9.08228937507245e-06
"ADGRG3"	-1.43454224191916	5.66301085539849	33.2576361604261	2.43949554462753e-08	9.73193332777936e-06
"IGFBP4"	0.784778538602522	9.82682296453532	31.0614514625318	2.54874000837992e-08	9.99828226287302e-06
"STX11"	-1.10382951529214	5.89552662443071	30.5839450180618	3.20036131857479e-08	1.23486728451303e-05
"FGL2"	-1.20081374508037	5.44379716351064	30.1964697521477	3.90785833745443e-08	1.48353647884944e-05
"MRC2"	0.774135322372703	9.82078953216943	30.1079965021569	4.18530317197287e-08	1.5636425517258e-05
"IGHV3-74"	-1.14590251181004	5.78127889836041	29.9144315580047	4.5209578385691e-08	1.66265288510001e-05
"LGALS1"	0.840639631299593	8.1813105955973	29.6039275951209	5.30753437070783e-08	1.92189902282077e-05
"OLFML3"	0.939182667765142	6.7349537654192	29.4563458526037	5.72416160927971e-08	2.04135745147904e-05
"TRPV4"	1.07734927462582	6.04272993614846	29.3741785069064	5.97459315871439e-08	2.09886565935314e-05
"CTSK"	0.96262975711353	6.82456551919188	29.2715460088712	6.34831878392559e-08	2.19735851790083e-05
"MMP2"	0.816225248462105	8.94334918142192	29.2743856451727	7.02711891174135e-08	2.39706228732835e-05
"SERPINA5"	1.1583436305304	5.95425509446673	29.5429045505232	7.2524133381094e-08	2.43857218198687e-05
"COL11A2"	0.832499817995509	8.15596592057936	28.869390081441	7.75164730264051e-08	2.56972566989084e-05
"IGLV2-14"	-0.884936682343444	7.5129605970049	28.4752773536561	9.57847287187498e-08	3.13122938868502e-05
"FGD2"	-1.11974297347208	5.62576186404321	28.3090152055197	1.03498875898695e-07	3.33705896168164e-05
"IGHG2"	-0.770985835810887	10.2177541212286	29.0537531772319	1.04954801082886e-07	3.33827182849715e-05
"CCL3L1"	-1.00338990583161	6.38301513850147	28.1809811927434	1.10590102486075e-07	3.47061232295301e-05
"FSTL3"	1.21164327587491	5.28949560331564	28.1380674407528	1.13055999368038e-07	3.50131454884936e-05
"GNLY"	-1.3836602965886	5.07863866389886	28.0665689475156	1.20260437466825e-07	3.63947858605549e-05
"MAGED1"	0.87242165956134	7.20883595573364	28.0128580049912	1.20609818461286e-07	3.63947858605549e-05
"IGLV4-69"	-1.17691935355641	5.60697614026433	27.9679266429592	1.23932594468507e-07	3.6924069316522e-05
"C1R"	0.850827209536736	7.77547133637918	27.9112333838147	1.2914845834395e-07	3.79970908005193e-05
"IGHV3-33"	-1.17934504617495	5.58177390951376	27.7368989206387	1.4061994447064e-07	4.08613781852524e-05
"GLIS3"	1.000721424287	6.21871776295568	27.477126784347	1.59087701446191e-07	4.56639905968171e-05
"ALX4"	1.49638088917613	4.72638109246654	27.3261406118252	1.72787672691477e-07	4.89988367727626e-05
"SERPINE1"	0.792470631350789	8.4392075742235	27.2237034052172	1.81362345350758e-07	5.08181609823903e-05
"IRS2"	-0.788547328361828	8.16964955485934	26.8513758654592	2.1988211852959e-07	6.08866520450702e-05
"BGN"	0.690209507678245	10.9397180507926	26.7565151958942	2.44412662981761e-07	6.68923354488572e-05
"H19"	0.923775441007416	6.70307271549914	26.6182195798541	2.50998884525144e-07	6.79052959203256e-05
"NDUFA4L2"	0.80303783110299	8.05661495753652	26.2297396409605	3.04092925605753e-07	8.13344907952569e-05
"IGHV3-23"	-0.90033856079804	7.12679850780557	26.2571311928377	3.24500978746599e-07	8.58177476040302e-05
"LILRB5"	-1.03321101188939	5.95996380255696	26.0627972488972	3.31306550411992e-07	8.66440253005229e-05
"PLOD1"	0.845899152726993	7.18590405901398	25.6534923876696	4.08835066064128e-07	0.000105744515933532
"MXRA8"	0.727850826021318	9.15730374502596	25.5257337027203	4.36817623802955e-07	0.000111754091428806
"PCOLCE"	0.772560464735012	9.05579890852654	25.8969615137611	4.5182899463196e-07	0.000114351602652177
"FBN1"	0.756691361566773	8.40841495684581	25.3702562560403	4.73474631323641e-07	0.000117809163658465
"PMEPA1"	0.806519071883433	7.60279139913704	25.3620166657031	4.75501149150453e-07	0.000117809163658465
"SERPINA1"	0.797903648518408	8.03544525933646	25.3357819269694	4.90096812554684e-07	0.000120160507053121
"FKBP10"	0.778861212820947	8.12809863657859	25.0885886317604	5.48471128232072e-07	0.000133086236548436
"LIF"	0.854757674862453	7.44217900246438	24.8413375789638	6.40919293679114e-07	0.000153798948846971
"RCN3"	0.850481200139359	7.07335314237546	24.7731399989072	6.46900451877901e-07	0.000153798948846971
"IGFBP2"	0.98121959074278	6.13004738651829	24.6149911022329	7.06712915504759e-07	0.000166339018922355
"IGLC3"	-0.785120696275108	8.33341468491564	24.6659821042606	7.52011858771453e-07	0.000175248545741621
"PLAUR"	-0.756142500315523	8.22380460840377	24.0648277392803	9.32247626701646e-07	0.000215120709702712
"TIMP1"	0.748796805780353	8.60465604286504	24.0378144986321	9.64641500291041e-07	0.000220434630993692
"MT-CO1"	0.629100367291974	11.3174470630691	23.880635588482	1.02614760644053e-06	0.000232234963584527
"DKK3"	0.991165560503405	5.95471089049334	23.8125086553807	1.06837924704947e-06	0.0002394899270267
"SLC39A14"	0.789380135287129	8.09450613809503	23.9923303567141	1.13103652280529e-06	0.000251143458842153
"PCDH19"	-1.49393242094619	4.43758461486217	23.5517242190669	1.21670998069467e-06	0.00026544191211471
"SFRP1"	1.08578264454028	5.52406953506897	23.5853261450587	1.21798557625818e-06	0.00026544191211471
"APOLD1"	-0.737954388803545	8.62165130354693	23.4487098813771	1.31256374833236e-06	0.000283429476555035
"IGHV3-7"	-0.865957470256864	6.89573840368068	23.4205404917031	1.34176956770444e-06	0.000287102093773266
"IL10RA"	-0.799924875836418	7.38699841510164	23.3100479973185	1.38008633828407e-06	0.000292640469767497
"KDM6B"	-0.652658600615645	10.2748555730025	23.2226756321721	1.44379585405521e-06	0.000303416276936584
"RBM38"	-0.848428184836025	6.94997162095683	23.15409906364	1.50778770328587e-06	0.000314060169665836
"BMP1"	0.83255418171807	6.94725097352546	22.9187526226028	1.69757639230573e-06	0.000350489960927193
"SLA"	-0.974040647019013	5.85002888167104	22.7028259128473	1.89191867497568e-06	0.000387218172633936
"PXDN"	0.78550716790987	7.33940487911008	22.6441806518817	1.95085891046849e-06	0.000395839363583594
"ZFP36"	-0.603594302404605	11.3223764999622	22.5594933099189	2.03844134586915e-06	0.000410075162031814
"P4HA2"	1.06542591574449	5.39467738532491	22.4250679137978	2.19007130821861e-06	0.000436844986284249
"PAPSS2"	0.991744849691924	5.87829529013969	22.4356979215452	2.24571597191383e-06	0.000444179973369209
"ANGPTL4"	0.770723544278281	8.40335767077521	22.8912428757093	2.3342528514219e-06	0.000454591440112887
"FMN1"	-0.921274070564678	6.03567153001648	22.2969588099919	2.33698280382629e-06	0.000454591440112887
"GPIHBP1"	-0.846203589613822	6.5687491945119	22.1437902824186	2.53120298135632e-06	0.000488335447312982
"COL18A1"	0.656142462997548	9.65722299916321	21.9811348080985	2.75483619155897e-06	0.000524369846349886
"TNF"	-0.777983674432105	7.25241997314425	21.9630102601453	2.78097296859356e-06	0.000524369846349886
"AREG"	-1.05878449693624	5.46151071432462	21.9626990830204	2.7848167053463e-06	0.000524369846349886
"PTGDS"	1.1557704449166	5.00462049394508	21.7811711145382	3.05737049827271e-06	0.000571121662046388
"SCARF2"	0.858328394824678	6.39475700214809	21.5464673806237	3.45527230965971e-06	0.000640368065767407
"MT1H"	2.21106371787424	3.44256609456769	21.3881842293191	3.7586503917789e-06	0.000691151205244531
"THEMIS2"	-0.807387505032146	6.78913074903045	21.3569349382903	3.81422587501897e-06	0.000695933600157531
"SRPX"	1.26363544324248	4.75660107916163	21.3104967656235	3.90900414486923e-06	0.0007077402350599
"C1QA"	-0.714018751301288	8.02504317372289	21.2574054846559	4.01747419678468e-06	0.000721826642516954
"BTNL9"	-0.729625898391945	7.79798014651511	21.1907624592905	4.16145858659153e-06	0.000742032202671248
"IL11"	2.32030513047088	4.84113789621701	30.0219868393492	4.22757719374746e-06	0.000748154018114541
"COL27A1"	0.80980213104952	6.9573159814729	21.1934601956385	4.29512929657761e-06	0.000754436255623487
"SIX1"	1.26541576542981	4.66763838450745	21.0822667364418	4.40187526101111e-06	0.000763591786709862
"SCD"	0.808902689547523	6.86646532920958	21.0989655467922	4.44388853080056e-06	0.000763591786709862
"NAMPT"	-0.729431936239634	7.5618423642941	21.0637653277769	4.44457980113231e-06	0.000763591786709862
"TENM4"	0.863976578626561	6.22730653338455	20.8580539121625	4.94835514192851e-06	0.000843981412866459
"MMP13"	2.36160369655578	3.23217482760519	20.7800183667011	5.1569543954495e-06	0.000873231910832338
"RBP4"	0.959061674013564	5.57167222358904	20.7589986950393	5.2109978421363e-06	0.000876080401502587
"NR4A3"	-0.721820785470661	7.71479073982978	20.5814602143437	5.71724825044371e-06	0.000945367371433978
"PYCR1"	1.07677157601332	5.18500836902247	20.5773683268191	5.72948072204464e-06	0.000945367371433978
"IGHG3"	-0.718195426285016	8.10933817008745	20.6083693616117	5.7436178831227e-06	0.000945367371433978
"IBSP"	0.912020931633859	5.96304190758875	20.4667989191373	6.07810956123469e-06	0.000993475449602645
"FGFR3"	0.813658288788979	6.50571028757038	20.0764703508437	7.44470578263856e-06	0.00120845544831699
"ZNF469"	0.859484030260332	6.18907941453506	20.042990174236	7.57621400581756e-06	0.00122137910311595
"ITGA11"	0.880541790082812	6.67456239696109	20.7360491063533	7.67661871011775e-06	0.00122914676585062
"NFKBID"	-0.748340715877756	7.05045015163397	19.9672206937808	7.88145187082602e-06	0.00124933633259296
"CD276"	0.787454880535365	7.11520405263054	20.1310737301021	7.90887171501682e-06	0.00124933633259296
"CREB3L1"	0.88884672435695	6.00413966638835	19.9000590593799	8.17042295264779e-06	0.00128204830024314
"NOS2"	1.16026971380847	5.21784003849321	19.9777623278941	8.27276372483085e-06	0.00128461950877027
"ADAMTS14"	1.35037515633639	4.62082839480126	19.9494189546261	8.29596657743469e-06	0.00128461950877027
"CSMD2"	1.47255060594462	4.33562944337588	19.8538287162013	8.48423100286835e-06	0.00130518526218636
"SDK2"	0.737938490272432	7.93691199611186	20.0993044467862	8.71321999830248e-06	0.00133170817597432
"SERPINH1"	0.658759348235931	8.73022538602814	19.6331880268039	9.38768721296508e-06	0.00142553544471974
"KIAA1755"	1.13663592798685	4.97991033849292	19.6052179756072	9.58378518395247e-06	0.00143861541277583
"ENO1"	0.650744191264863	8.85376473744634	19.5909687767208	9.59606661026494e-06	0.00143861541277583
"CD74"	-0.56960533876731	11.1749363279339	19.5573045447296	9.76664233266662e-06	0.00145492063660743
"PLOD2"	0.877739873998712	6.00556604579946	19.5097377937531	1.00264960802718e-05	0.00148423671849911
"B3GNT5"	-1.38968071883075	4.3743520780179	19.4570849403817	1.02926899517799e-05	0.00151411902121903
"IGLV7-43"	-1.28893349106227	4.5464895456792	19.4149930809925	1.05220261659311e-05	0.00153824180041938
"IL1B"	-0.832020461043357	6.27122349267808	19.4021084715668	1.05932480756858e-05	0.0015390943207248
"TMEM59L"	2.13545633623869	3.21106814269983	19.3483392208219	1.08957300962687e-05	0.00157333005690721
"PPP1R16B"	-0.737316411312807	7.17926251889666	19.3327674695866	1.09864101753602e-05	0.00157675083108203
"MDK"	0.797758140594081	6.45680529649114	19.0884032924173	1.24849353758136e-05	0.00178095711479106
"DCN"	0.974882945704202	7.8757496325543	22.3804398427911	1.28121642728999e-05	0.00181662596681473
"ARHGAP9"	-0.862241856446631	6.03878604101709	18.9555021178081	1.33854092131975e-05	0.00188076948667194
"ANTXR1"	0.851969445800514	5.93730134889441	18.939041857682	1.35013833570257e-05	0.00188076948667194
"ITGB5"	0.662454509942116	8.38519312899931	18.9391389685369	1.35042717103946e-05	0.00188076948667194
"RHBDF2"	-0.754810853864095	6.77574262768105	18.8957630893537	1.38111507308061e-05	0.00191012493987711
"FGFRL1"	0.727027588706392	6.98901944042342	18.8866396013117	1.38773575527461e-05	0.00191012493987711
"OLFM2"	1.23265877861787	4.56848891547281	18.8066962946004	1.44712911304136e-05	0.00198029522870085
"MZB1"	-0.958543998151501	5.55905803434974	18.4790937835101	1.72892976489312e-05	0.00235224392348494
"C5AR1"	-0.749691544469328	6.77097021243033	18.451301062729	1.74365194929174e-05	0.00235863999600459
"ITGB8"	-1.26059057411362	4.96538684147387	19.1410970725795	1.78755762325875e-05	0.00240421393020808
"NCF2"	-1.06647812626854	5.03455161366147	18.3651090774572	1.82432789716122e-05	0.00243972759747066
"TNFAIP3"	-0.592336313316538	9.82847116107392	18.3229999645938	1.86509519579308e-05	0.00246402688317991
"FBLN1"	0.679411233375496	7.8377026049916	18.3185932839091	1.87049041572527e-05	0.00246402688317991
"RASGRP4"	-1.41492708723499	4.23646010959307	18.3140226465533	1.87390411730128e-05	0.00246402688317991
"TNFRSF12A"	0.889495536304925	5.85848438551167	18.3142352351651	1.88766919941604e-05	0.00246833721925863
"CD83"	-0.748981389616898	6.6536143026295	18.2754784217358	1.91220278230125e-05	0.00248660314292953
"HLA-DRB5"	-0.728188711248732	7.0346367520864	18.2563704214218	1.9314796027739e-05	0.00249787007749941
"PDGFB"	-0.745190293025446	6.87826541267339	18.2237090328063	1.96843838081111e-05	0.00253175596552738
"CERCAM"	0.706154403642382	7.45334800681807	18.1561627729907	2.04491889790307e-05	0.00261582913586655
"HK3"	-0.82869462435332	6.36415896409576	18.0610555871777	2.16121141849435e-05	0.002749645035519
"KLF4"	-0.579065896642894	9.89653957993134	17.9422941382279	2.277829543997e-05	0.00288157925083351
"ITM2C"	0.703743265071037	7.23203380849377	17.9326524510374	2.28939677913866e-05	0.00288157925083351
"NBEAL2"	-0.648267470637929	8.29747282042672	17.8967623396721	2.33313236147402e-05	0.00292100725489436
"CSPG4"	0.60911942498831	9.31063697287822	17.8799829213769	2.3558676217883e-05	0.00293075508167946
"TNFRSF1B"	-0.651441225421436	7.98429471253327	17.8701538485823	2.36582175094148e-05	0.00293075508167946
"IGHV4-39"	-0.818568121952226	6.35110249876677	17.8516146780692	2.40474611951029e-05	0.00296337745627821
"TGFB3"	0.91062828765563	5.50577521006783	17.7186498276125	2.56189627732067e-05	0.00314059128538004
"AGT"	0.771923086095751	6.44967548146246	17.6448555565732	2.66353343863503e-05	0.00324826873290946
"GAS1"	0.691023589517583	7.38449070146163	17.6262316157001	2.69035636216278e-05	0.00326406792248585
"ARRB2"	-0.872358665527861	5.79031517702963	17.5759211687958	2.76177837062839e-05	0.00333353730817849
"ADRB2"	-0.998194875229607	5.0891617094801	17.501510975836	2.87173874920006e-05	0.00344857729285315
"COL8A2"	0.73694593635032	6.71857022843855	17.3072325738413	3.18289516894564e-05	0.00380283266961795
"BTG2"	-0.599659647815404	8.89924739939744	17.253748511361	3.27156374420356e-05	0.00388903009329895
"DAPK1"	-0.790994904023293	6.03671312827316	17.2383818082986	3.29812944812446e-05	0.00390090818193495
"IGHV1-18"	-0.880159720757108	5.74567348817007	17.177867112526	3.4061239204029e-05	0.00400849693572616
"AHNAK2"	0.706391665805438	7.14804242134874	17.154606869753	3.46704397205852e-05	0.00405989124230554
"CHST6"	0.880103995598914	5.63715299967141	17.119056846088	3.51225328041675e-05	0.0040924705673846
"SULF1"	0.837714746210791	5.98114739684062	17.0056282003569	3.7543185127489e-05	0.00433481771299672
"VIPR1"	-1.49980491688824	3.92893084707312	16.9910988027002	3.75707530038378e-05	0.00433481771299672
"CTHRC1"	1.24728829818396	4.51269456390066	16.959000884464	3.82153039340534e-05	0.00438767613997959
"IGLV2-11"	-0.772578783781908	6.67766737268669	16.9802086345884	4.10084537785108e-05	0.00466461669010204
"SDC2"	0.725532645745554	6.61496322695731	16.8240058421359	4.10237351765782e-05	0.00466461669010204
"ABI3BP"	1.04984141843226	5.35019455790909	17.4106371718167	4.17284025260784e-05	0.00472192985700147
"NID2"	0.816484826241478	6.02880583216963	16.7398905698043	4.30779327755944e-05	0.00485131724277113
"ANKH"	0.618809004732426	8.4904535992068	16.6999091521356	4.3809848961441e-05	0.00491024959526398
"IGLL5"	-0.746228392102255	6.66638053713731	16.7071676343788	4.42332868200757e-05	0.00493421266295793
"PER1"	-0.562771457723406	9.67379550727162	16.6649893559825	4.46098737825526e-05	0.00495274810952802
"IGLV10-54"	-1.15092228304184	4.83392420259325	16.6361315836023	4.52936930102117e-05	0.00500505940085142
"MYO15B"	-0.595587809807811	8.84491239529038	16.5878320940737	4.64618713915883e-05	0.00511015451842904
"COL6A1"	1.48431520142511	11.249802242502	31.2280088531025	4.76363421179307e-05	0.00521496085781272
"KLF2"	-0.57059546397659	9.38113283669993	16.5013103209694	4.8630766461693e-05	0.0052837497437877
"STMN2"	4.70757268972307	1.27844946732634	16.4980805326964	4.87136718529095e-05	0.0052837497437877
"ZFP36L2"	-0.552332722368972	9.91080144194449	16.4730575626372	4.93608204929554e-05	0.00532938363276464
"CCDC88B"	-0.712597064070469	6.91030688916432	16.4564959250348	4.98785155165273e-05	0.00536068776124431
"MT-CO3"	0.554179941943245	10.1976336699338	16.4142421493049	5.09791671548212e-05	0.00545407571510466
"TNFRSF14"	-0.648120714247674	7.50430788174839	16.3922923675712	5.15091584799635e-05	0.00548584191467376
"MYO7A"	-1.16165085688794	4.59184422937028	16.3558007538519	5.25164304057338e-05	0.0055679244254944
"ETS2"	-0.616120002264198	8.08635216313441	16.247591754654	5.55960743742995e-05	0.00586800359886945
"FOS"	-0.488192017808309	12.1975997819679	16.2097242812302	5.67184301550126e-05	0.00595973968999345
"DLL4"	-0.707398698221117	6.75370971014868	16.1141476594229	5.96683043660087e-05	0.00622308480729987
"SEZ6L2"	1.50165863013634	3.93155586407593	16.1129449516029	5.97534590835608e-05	0.00622308480729987
"IGKV1-17"	-0.880045408226836	5.64588500531431	16.0851061042209	6.13247469168626e-05	0.00633372399793649
"CCDC80"	0.63372803886714	7.75915878132814	16.0609566740814	6.13539988753673e-05	0.00633372399793649
"RASGRP2"	-0.784410163530128	6.10370779073624	15.9137931930543	6.63150414092327e-05	0.00681596999846773
"MFAP2"	1.80949872957354	3.54495389871208	15.8672815927182	6.79617873990598e-05	0.00693830420073113
"MYO1D"	0.682337295737078	6.97102102583497	15.8639138397287	6.80948409044862e-05	0.00693830420073113
"EFEMP2"	0.698097809428933	6.73708454944024	15.828659764997	6.93784996675092e-05	0.00703862821842312
"MATN3"	1.39716445163533	4.05677530321474	15.8126746202625	6.9956404341207e-05	0.00706679780677677
"ATG2A"	-0.662033772362327	7.20922942527068	15.7307625581061	7.30464378878348e-05	0.00734741029301696
"PKM"	0.57286575967903	9.14180871909213	15.7069467530332	7.39743476579998e-05	0.00740908179075039
"P3H4"	0.808618390443505	5.72334926224469	15.687891172139	7.47208454612337e-05	0.00745213787975024
"IER2"	-0.5611610296532	9.37518147428769	15.6497999480464	7.62409266551058e-05	0.00757165692270559
"VWF"	-0.516607641299443	11.0698299710195	15.4626987292773	8.46311685525027e-05	0.0083695958580683
"IGLC2"	-0.792567119691075	9.1216282913448	17.6131875802149	8.50375880710955e-05	0.00837460129886767
"ADGRG1"	-0.653208825950496	7.1676758376513	15.4347099836472	8.54272564273754e-05	0.00837792222721306
"GAPDH"	0.529252117075236	10.2634414370232	15.4190799466182	8.61366885278404e-05	0.00838332052254881
"OSBP2"	-1.00185458331296	5.31060996865047	15.469080399711	8.61946537985645e-05	0.00838332052254881
"CDKN1A"	-0.530732722682095	10.2525773246587	15.4064447665038	8.67151617985409e-05	0.00838678146258966
"EFEMP1"	0.84156759582009	5.65993059899852	15.4087190859862	8.71961714082049e-05	0.00838678146258966
"PMAIP1"	-0.858304666893932	5.42558889144821	15.3937454992687	8.72992079846398e-05	0.00838678146258966
"COL9A3"	0.823086300625246	7.1079758302709	16.4743103323249	9.04024625178057e-05	0.00864960471659184
"CA4"	-1.16309640541197	4.48542371041344	15.3104601114944	9.12333458654152e-05	0.00869376219285132
"HAPLN1"	1.13113450687771	4.66018125277335	15.2800033322686	9.29535925236203e-05	0.00882197059366311
"THBS3"	0.705155667004725	6.54123621163796	15.2462858654979	9.43897626600646e-05	0.00892229656116442
"CEBPD"	-0.572525866667528	8.75545780531252	15.2183437507959	9.57927970252815e-05	0.0090187002543362
"THBD"	-0.559287914472106	9.29821959210466	15.1520930362521	9.9238415340588e-05	0.00930587482817299
"RNF122"	-0.789413588443301	5.88300054029928	15.1294839490887	0.000100408282277879	0.00937821325386682
"MT-RNR2"	0.521516465829638	12.0278116139745	15.4610837939617	0.000103312459514965	0.0096113255320306
"IGHV4-34"	-0.973976528995381	5.18503454506975	15.0964566138645	0.000105256605299076	0.00975364062568643
"PDLIM4"	0.826972783410272	5.54077928548312	15.0207630385641	0.000106360992421214	0.0098173281514436
"CST7"	-0.928833234536201	5.25251924375054	14.8629783336859	0.000115637753116112	0.0106318976370856
"TWIST1"	0.92224679373798	5.0838847266634	14.8249710856614	0.000117991502765425	0.010806093387509
"IGKV1-5"	-0.655195495566906	7.92679113541756	14.9798175054358	0.000128311438594151	0.011697365128727
"PAG1"	-0.86145265358673	5.41776896295054	14.6557860078853	0.000129068990673058	0.011697365128727
"DIO2"	1.65801152177063	3.44535202639083	14.6536555996531	0.000129214213088712	0.011697365128727
"TENT5C"	-0.814294063940358	5.67589859775603	14.6267211038355	0.000131073943673735	0.0118202582844778
"NIBAN2"	0.578488081678476	8.33748334218417	14.6164622292898	0.000131789348205135	0.0118394117889476
"IGHA1"	-0.914127546045093	10.9118635406075	19.2527699571286	0.000135396177700141	0.0121171856826168
"IGHV3-73"	-1.45929434077748	3.90607830877338	14.521479280884	0.000138602574754789	0.0123433152537841
"TF"	0.833592656621362	5.41927718482834	14.5164674932832	0.000138971769650032	0.0123433152537841
"ARHGAP27"	-0.653355825337639	6.85257313463413	14.50066657495	0.000140142243771312	0.0123903162198886
"ZBTB16"	-0.570357701393939	8.50378854740619	14.4881538384218	0.000141076180047158	0.0123903162198886
"C4orf48"	1.34444624371436	3.94220241216322	14.4881001150512	0.000141080203378941	0.0123903162198886
"TPI1"	0.594906006624871	7.91907305013357	14.478896756735	0.000141794237814578	0.0124067322507128
"JUN"	-0.476985437236898	11.5769053021642	14.4367076064203	0.000144982384975003	0.0126110305621863
"TMC8"	-0.730999580201122	6.18920531270822	14.4338734143035	0.000145200717268662	0.0126110305621863
"SLC11A1"	-0.680477057189922	6.83001275292098	14.4101861264776	0.000148290424612866	0.0128320283974744
"IGDCC4"	1.65569224744551	3.50221297110131	14.3859086074835	0.000149003216675522	0.0128464787944753
"PPP1R15A"	-0.502789945165645	10.4542901219007	14.3570760801664	0.000151244526794133	0.0129921256465456
"CD300E"	-1.25731474074091	4.15299206096162	14.3404553206373	0.0001525855432336	0.0130596579312336
"SIGLEC1"	-0.640650507574147	7.12655804830841	14.3044356597425	0.000155648450828879	0.0132735419824614
"CASZ1"	-0.979026190239647	4.8843462913316	14.2673928816008	0.000158652259762488	0.0134808600650891
"GOLM1"	0.771869523848226	5.82016348093132	14.1797225561913	0.000166249943061474	0.0140756291720788
"ANXA2"	0.665271275643745	6.50860819813821	14.1313902931355	0.000170512571520212	0.0143267829467525
"TAMALIN"	-0.571415954282239	8.23616280949663	14.1282506035054	0.000170797377065383	0.0143267829467525
"CD248"	0.66674671176483	6.70073221139697	14.1276627255959	0.000171042444153353	0.0143267829467525
"FMNL1"	-0.628137239620237	7.35836616033787	14.0943484629074	0.000174106736215732	0.0145317384762754
"IGHV3-21"	-0.76325764658578	5.91122311102421	14.0700921787975	0.000176164778333763	0.014651556140077
"GBP4"	-1.04761240601647	4.67743066463025	14.06114523607	0.00017700048454823	0.0146692267775059
"ENSG00000231881"	-1.04472967535229	4.55546129666484	14.0450496553021	0.000178521772120758	0.0147433928084431
"EPOR"	-0.874856825929938	5.2967758362287	14.0362469638759	0.000179359329946483	0.0147607711501761
"PTPRF"	0.591490703024534	7.55251647165006	13.9498276165737	0.000187795099239223	0.0154011611525909
"KIRREL1"	0.612544890050489	7.30707382548337	13.9290133676701	0.000189885903571488	0.0155185573345907
"TMEM196"	-3.01806134796471	2.56885799677576	13.9147391760567	0.000191339529003951	0.0155832473846574
"TNFRSF11B"	0.912832599995789	5.27185698064659	13.871403821868	0.000196352725925772	0.0159363934831548
"TMED3"	0.793232092679258	5.57421381215478	13.8344588849369	0.000199692769497711	0.0161517825280674
"GDF5"	1.77001828365312	3.32655582029713	13.7963194018444	0.00020380659864396	0.0164054504717661
"S100A1"	0.933423411758564	5.15574874968736	13.8301696913254	0.000204223010078917	0.0164054504717661
"VSTM4"	0.907583882548377	5.00193398729536	13.7677335221843	0.000206901985562254	0.0165641225652339
"ECM1"	0.77547801697789	5.8797181598661	13.6955081795084	0.00021874390668447	0.017452797734347
"CYP4F12"	-1.95666475137087	2.99264567988957	13.6565632477387	0.00021951801453755	0.0174553902303051
"IGHV3-72"	-1.17972445460155	4.38037490411154	13.5061719929402	0.000238044540527662	0.0188648294626249
"PDE4B"	-0.834626273698205	5.39299409959577	13.4765624620352	0.000241622052107607	0.019084088055224
"ARHGAP4"	-0.609831454250803	7.23882276800499	13.4486005023402	0.000245238060545704	0.0193049104717868
"ATF3"	-0.591162818640047	7.42627301028745	13.4093682600333	0.000250420530118015	0.019647160057959
"IGLV9-49"	-2.26493696844814	2.63739659161675	13.3879296513163	0.000253299005735537	0.0198069724185958
"FCGR2A"	-0.825412877780051	5.27681304146237	13.3430349665047	0.00025943533962983	0.0202196344002229
"TNFRSF21"	-0.819108815153329	5.26181671837673	13.3138416962475	0.000263505738469341	0.0204065586371255
"TMC6"	-0.61024399545957	7.14862752974485	13.3134005599906	0.00026356773699648	0.0204065586371255
"GPC6"	0.977472281052635	4.78635204415187	13.2928232737707	0.000266488635891594	0.0205650590917392
"MYO1G"	-0.671784682948637	6.45970944319696	13.2792995902664	0.000268405154226393	0.0206452683497602
"FAM117A"	-0.679411505548447	6.29097848504332	13.2662503435877	0.00027027985258587	0.0207217488283831
"IGKV4-1"	-0.621820282476715	7.30936317463441	13.2850333181904	0.000272985427457368	0.0208612272924158
"IGKV2-24"	-1.04097998947565	4.73472370380857	13.1792343176163	0.00028352255054905	0.0215963439232136
"C1S"	0.593930209944235	7.46156900019273	13.1184242550796	0.000292652005457822	0.0222198395240669
"FZD1"	0.670469430812267	6.28849048064237	13.0969860575863	0.000295827557574001	0.0223704759217157
"SCNN1B"	-1.10896556531192	4.43574177491803	13.092499561521	0.000296536877578931	0.0223704759217157
"FOSB"	-0.443210307955261	12.1935904563641	13.0804641927381	0.000298448163968524	0.0224427298253264
"ADM"	-0.638575690499555	6.63975220887604	13.0412554185335	0.000304761313517323	0.0228444810071886
"PHLDA3"	0.727772019605755	5.75231259888484	12.9633832915833	0.000317701949499656	0.0236464537417094
"ROR2"	0.939839195147585	4.82315166264662	12.9608892189818	0.000318125444161183	0.0236464537417094
"SOX11"	1.25616600350577	4.00522019206715	12.9557974870352	0.000318991790641173	0.0236464537417094
"HLA-DPA1"	-0.583099995124854	7.43399059435543	12.9529413878961	0.000319478790409296	0.0236464537417094
"ENSG00000280287"	-0.849835115557651	5.18533041405296	12.9262041472025	0.000324074333983702	0.0239114031315812
"EBI3"	-1.59867225679941	3.47027955043896	12.9061588970657	0.000327611338008957	0.0240968376959901
"PRRX1"	0.738988669748628	5.77057871585279	12.8766823937211	0.000332815076377386	0.0243241728182794
"OSM"	-0.786216753337129	5.95451962174174	13.1059385547206	0.000332980611708048	0.0243241728182794
"HIF3A"	-0.916260019815217	4.89983570277659	12.8692198865974	0.000334129610713627	0.0243241728182794
"IGHV3-11"	-0.909287595958935	4.9681664297345	12.8651146526867	0.000334835875137976	0.0243241728182794
"ST6GAL2"	2.1350039012074	2.90314810960986	12.8635489796652	0.000336358086251298	0.0243595700802978
"SLPI"	1.58537696256678	3.35182435372463	12.8483548805115	0.000337838102484722	0.0243917037367574
"SH3PXD2A"	0.542600889318218	8.38746055123724	12.8394864983669	0.000339452221913181	0.0244332934164237
"ADRA2B"	-0.780398646709267	5.50287756894454	12.7950248105756	0.000347605702863097	0.0249438885008802
"MKNK2"	-0.519207377017483	8.81492398317496	12.7685688674765	0.00035255640195419	0.0252222493398048
"IGLV5-45"	-1.48782097281573	3.71520761103662	12.7479774350162	0.000356476868064715	0.0253525955913767
"DERL3"	-0.916404675449646	5.02948323486735	12.7431554290881	0.000357723843830848	0.0253525955913767
"VWA1"	0.584068003245032	7.37386166015588	12.7372953959625	0.000358515949032203	0.0253525955913767
"TPBG"	0.852114457077259	5.08816462720116	12.7363225199298	0.000358686932571204	0.0253525955913767
"SAMD11"	1.03267080826665	4.44322721754708	12.6450918456634	0.000376620089353864	0.0265404402488679
"CD72"	-1.147683191581	4.25754901235423	12.6204737446175	0.000381716660737374	0.0268192986381361
"TNXB"	-0.485987509352535	10.2637204941689	12.5965924927812	0.000387632013486388	0.0271538532780628
"NR4A1"	-0.477130559992627	10.2792224773419	12.5739876799984	0.000391222055359494	0.0273240163709092
"IGLV6-57"	-1.09514819424359	4.55622652378236	12.5607020263875	0.000394488679610216	0.0274706510413777
"PCOLCE2"	0.660214795497536	6.46784781914341	12.5476644185819	0.000398312085274703	0.0276550783218604
"SHANK3"	-0.514899266661419	9.35968664347815	12.5330268103384	0.000404173713168371	0.0279795196671881
"SHISAL1"	0.868054885663535	5.03457528692412	12.491562856038	0.000408865283737713	0.0282212967253213
"IGLV7-46"	-0.841000147005886	5.30281459254959	12.4919596711073	0.000413305336802995	0.0284443500360587
"STAB1"	-0.477877000298392	10.0055046202004	12.4017734832927	0.00042900001959948	0.0294384065927492
"SLC22A31"	-4.91444445700253	0.865587358452117	12.3526615682453	0.000440433359512782	0.030135116229222
"DGKI"	1.83221489215629	2.88656579818531	12.3270687860422	0.000446512767211072	0.0304625246430348
"SPN"	-0.770912077764387	5.64928153127233	12.3179942043083	0.000449278487136614	0.0305626235599263
"MDFI"	0.680927894273275	6.00265058136253	12.2654544701766	0.000461498529538323	0.031303431958915
"CCL4L2"	-0.859579210989438	5.18177185628569	12.2571219109644	0.000463874334235799	0.0313741672554828
"JUND"	-0.461073274862083	10.5200173388161	12.1734064421401	0.000484837450813948	0.0326801749952104
"ARSI"	1.78863345292448	2.99169520638146	12.167558544182	0.000486359823309139	0.0326801749952104
"PALLD"	0.722498981108028	5.6357214059019	12.1625292030927	0.000487672960719541	0.0326801749952104
"TMCO3"	0.643884241068661	6.25862751157483	12.1575259967484	0.000488982824940571	0.0326801749952104
"NGEF"	0.82020988803005	5.29636719595872	12.1534012063693	0.000490689779305857	0.0326801749952104
"ARHGAP45"	-0.570745067241637	7.45582114585261	12.1462727937407	0.000491987312274213	0.0326801749952104
"PDE2A"	-0.582769513516999	7.24431392720353	12.1431839818497	0.000492903178965021	0.0326801749952104
"DNASE1L3"	-0.655790129300763	6.37235157789473	12.1165654462089	0.000501281446637127	0.0331408278303471
"P2RX1"	-1.13066903492297	4.40037784181138	12.1061398270599	0.000502667100116155	0.0331408278303471
"COL3A1"	2.00263046538474	13.6895932426077	23.5543261281845	0.000508091965144516	0.033404917831303
"HP"	1.31869782409117	3.81169776122865	12.0583592488734	0.000515690634447843	0.0338100569999969
"SDC1"	0.628132626466984	6.40528018121067	12.0483566731421	0.000518465010923001	0.033897530450263
"WNT9A"	1.36604671804894	3.69478647575645	12.0320778758862	0.000523012450657639	0.034044068060468
"CIITA"	-0.582083685765183	7.14517798654944	12.0299990958992	0.000523599126392039	0.034044068060468
"LOXL1"	0.779347509144232	5.93551803883293	12.3433692087183	0.000526079427588187	0.0341111060251878
"CBFA2T3"	-0.929275653790424	4.79807222807952	12.0128428709024	0.000528516491393004	0.0341749798294427
"CD163"	-0.626543127662934	6.58174330643995	12.004105382251	0.000531197811107806	0.0342542544658751
"IGKV1-6"	-0.955444978267251	4.90687160951422	12.0055884575557	0.000537406767664661	0.0345599537992435
"SSC5D"	0.645666333551874	7.00128927754458	12.2091949880656	0.000544898625728999	0.0349462641792465
"FAT1"	0.619990701880421	6.5671569464951	11.9416755259627	0.000549008853153012	0.0351141885235393
"CA9"	1.19642947437941	4.17476343562623	11.9261535877805	0.00055372451557025	0.0353198209294769
"MYO1F"	-0.586458619368651	7.13279941181845	11.9065385343288	0.000559548166748493	0.035594824866917
"FGR"	-0.601742715234608	6.89220799517003	11.89323462387	0.000563535062914099	0.03575181880272
"TRPS1"	0.691445075090121	5.79159178478078	11.8537191502787	0.000575553953050805	0.0362539173801049
"NR2F1"	-0.819517202928406	5.09122315723687	11.8536690381692	0.000575569440414114	0.0362539173801049
"SH3PXD2B"	0.576053331088502	7.22838055359004	11.8523108220595	0.000576070234106269	0.0362539173801049
"RYR1"	-0.863927482057432	4.92949128847473	11.8307741276113	0.000582689407086438	0.0365496061241819
"ITGA5"	0.502867766159179	8.82429612164707	11.8232232913245	0.00058505705070299	0.0365496061241819
"CCL24"	-2.27278745405745	2.422762429962	11.8220454059664	0.000585427263832118	0.0365496061241819
"NKG7"	-0.778095764026881	5.34131595836803	11.7779025281656	0.000599473402936123	0.0373275277378506
"CCL4"	-0.764402971652278	5.44545986856282	11.7625772227006	0.000604429051545661	0.0375367983805547
"RCN2"	0.912086632205942	4.75223091527146	11.7466102012238	0.000609636219767699	0.037760546591243
"SOCS1"	-0.562152863689375	7.2038536041379	11.7351787036933	0.000613392067768664	0.0378632708398554
"CEACAM4"	-2.21205802843057	3.12151985576573	11.7328478470941	0.000614512021957971	0.0378632708398554
"CD300LG"	-0.609455770943346	6.54559155017682	11.7243184225854	0.000616981884841189	0.037916194839444
"LRP5"	-0.539301787620312	7.69638256607045	11.7056553255345	0.0006232005186673	0.0381986213746673
"IGHV3-15"	-0.785195921262295	5.46066917130627	11.6785589837605	0.000637390350332958	0.0389669004565892
"MT-TI"	1.18562089942529	4.55537676991594	12.0243080692838	0.000660923946276703	0.0403009505790538
"MXRA7"	0.70251796802903	5.55821932454312	11.5364967776071	0.000682533652915929	0.0415110971283778
"MFGE8"	0.534587347606508	7.80827805701159	11.5169687034172	0.000689744876688198	0.0418415596974487
"MEGF6"	-0.625598329948893	6.379133612831	11.5002316884943	0.000695979094485263	0.0421112080897163
"IGHV4-59"	-0.790734680142918	5.26874896828566	11.4899064375995	0.000699855938099099	0.0421434058181076
"TRIB1"	-0.55104511880996	7.30758177652863	11.489278890865	0.00070009226642648	0.0421434058181076
"CD99"	0.529162726301081	7.76468024736511	11.4768943331061	0.000704772707138589	0.0423169265508188
"SH3TC1"	-0.545859067384794	7.32374539903212	11.4536290041371	0.000713650916041953	0.0427409710200495
"BMP8B"	0.912116389851404	4.68919409487336	11.4230478976759	0.000725492998281222	0.0433399205597592
"ANGPTL2"	0.502805726180889	9.08560342365421	11.4460327694597	0.000727938846055851	0.0433759408091559
"HLA-DRA"	-0.545676933888661	7.50731451278925	11.3995640933665	0.000734721364817388	0.043669537282088
"TIAM2"	0.670698393560527	6.03156531543812	11.3887744600492	0.000739443039977837	0.0438394731283585
"PTMS"	0.593579226300296	6.66315222607734	11.3379680046526	0.000759498349971435	0.0449153584504464
"MARVELD1"	0.611710407063965	6.5084019378658	11.3334164102941	0.000761447961734087	0.044917796178785
"PDK4"	-0.565286346905288	7.1202005245119	11.3264002441496	0.000764257662722309	0.0449708315187375
"NRROS"	-0.776094980603575	5.2714837827984	11.3147134434358	0.0007690647126775	0.0451408382600756
"SELENOM"	0.561267602821197	7.04769383734472	11.3044730165842	0.000773317777170061	0.0452775634857008
"HLA-E"	-0.440754809492356	10.6966540309022	11.2624882560787	0.000791004875700605	0.046198217765174
"PTK7"	0.621593673197785	6.40444524380844	11.2475823369306	0.000797512743209868	0.0464630134577492
"RAPGEF3"	-0.540901156347876	7.50619875303597	11.2272270164307	0.000806175057421505	0.0468517094482221
"AOPEP"	0.761966743240583	5.27366689326685	11.2073968954818	0.000814837127536809	0.0472384765291474
"ADCY2"	1.37592192835889	3.52255646000665	11.1819438623374	0.000826089034661244	0.0476267549798974
"CCN4"	1.02017816270139	4.34444083460048	11.1814490868826	0.000826309343772589	0.0476267549798974
"PRF1"	-0.685859068391425	5.97974187121502	11.1792967591391	0.000827605165772104	0.0476267549798974
"FAM30A"	-1.11177764220268	4.25369071502337	11.1727197913358	0.00083020602570663	0.0476599005537975
"RIN3"	-0.539249527421715	7.45523946890119	11.1531621066013	0.000839003964176725	0.0480477768973907
"ABLIM1"	-0.647338545265217	6.07871831997365	11.1230249527942	0.000852745896264794	0.0487162139815157
"GGT5"	0.504591471762971	8.26742686040596	11.0989233346576	0.000863899315193701	0.0492338939024555
"CYTH1"	-0.52753089483605	7.58166780487345	11.0835235892131	0.000871102896510756	0.0495245141912407
