"genes"	"logFC"	"logCPM"	"F"	"PValue"	"FDR"
"MAGED1"	1.05332285232205	7.07732852192014	59.1833721732322	4.10812904417977e-10	5.48851557213786e-06
"ADAM12"	2.41133653740974	4.96573617370195	77.4877712047713	4.72292881175274e-10	5.48851557213786e-06
"FSTL3"	1.11947492947522	5.2846936035056	54.2988607755407	1.33976348600458e-09	1.03795943139062e-05
"FGFRL1"	1.05976901559857	6.81614237002978	52.3227636281263	2.19635437551415e-09	1.27619170989249e-05
"MXRA7"	1.05915706225657	5.42087820988211	42.9924163040084	2.60627713156351e-08	0.000103150056773946
"RBP4"	1.59811132400928	5.19432796188183	49.5306913812393	2.66285319956836e-08	0.000103150056773946
"ANXA2"	0.778047925957277	6.79050526115898	40.3081368523942	5.56725320992178e-08	0.000184848713007146
"STMN2"	4.82385672161893	1.63745310118405	41.3042265018875	6.88193781972182e-08	0.000199937498507468
"PLOD1"	0.983765843187723	7.07153509943139	40.5577758141331	8.94687140868106e-08	0.000231047983645072
"SULF2"	0.849575078418161	7.35907963134044	37.7410667345951	1.17614195704911e-07	0.000267898802769575
"NEBL"	1.70885102015997	3.74907452855819	37.487393200748	1.2679144783002e-07	0.000267898802769575
"ALPL"	1.37216123094197	7.43041827243504	47.5562504114084	1.42589602523068e-07	0.000276172295153428
"TRPS1"	1.1427859373095	5.915032940643	39.3792177329479	1.65006958524751e-07	0.000295007056156328
"MAGED2"	0.832609629330453	7.1271282828302	34.9157785815789	2.75125863820576e-07	0.000384158254873105
"COL6A1"	2.21958319549415	10.9302030953235	49.1404649238678	2.7564678277819e-07	0.000384158254873105
"COL6A3"	2.43503700534171	11.1764058711427	48.9338304220359	2.85698465917456e-07	0.000384158254873105
"ADCY2"	1.9091549519533	3.41920055114047	34.5875270251743	3.04254533921043e-07	0.000384158254873105
"TIMP1"	1.16425300404721	8.39922397364762	42.4308393919419	3.07268436324285e-07	0.000384158254873105
"IL1R1"	0.75576797026062	6.48153061242171	34.3676309897325	3.25547593356505e-07	0.000384158254873105
"NRROS"	-0.879641861255686	5.33288558528828	34.3179208875721	3.30572459231654e-07	0.000384158254873105
"ITGA5"	0.642992193206906	8.73516234067411	33.7289119654508	3.96643617401563e-07	0.000438990045507006
"OLFML3"	1.02064389951893	6.55921843009953	36.0483675462287	4.46512828472477e-07	0.000471720507243514
"NIBAN2"	0.680509691379507	8.11507338367226	32.9521738904323	5.05416589539175e-07	0.000497182407214043
"COL6A2"	2.0729796380457	11.3691637333283	45.5494040102317	5.13397202182989e-07	0.000497182407214043
"HTRA3"	1.37622906995264	5.91921423401425	39.1988991593767	5.9219474933751e-07	0.000533382317114364
"COL3A1"	2.68382676747387	13.4843778840498	44.7149780733701	5.96675855992319e-07	0.000533382317114364
"PTGES"	1.68847560752523	6.08083053056949	42.3440153732641	6.36390458890595e-07	0.000547814335019823
"PFKP"	0.803619574891294	7.01642059729585	31.7052654185922	7.49521066814873e-07	0.000622156022675403
"TGFB3"	1.20293734283902	5.17124249797143	32.9663265622003	9.03170979903681e-07	0.00072384482465246
"LIF"	1.13515905821691	7.15410782458387	36.3147852160394	9.96533034325823e-07	0.000750500929516334
"AEBP1"	1.8188398996738	9.69654119366043	41.5832433304159	1.05324537952141e-06	0.000750500929516334
"COL7A1"	1.97203836488324	6.13539881369586	41.1336705742053	1.08176618617361e-06	0.000750500929516334
"RARG"	0.965247443751528	6.01181259880762	31.6128916043652	1.08637948838977e-06	0.000750500929516334
"ANK3"	1.27474058363656	4.69970590748181	31.4298470699719	1.09788450234727e-06	0.000750500929516334
"RCN3"	1.19240351373638	6.79109147124844	36.3054339178232	1.18885949059309e-06	0.000789470636581848
"FAM117A"	-0.75725699536669	6.81818002862946	30.1652379036533	1.23019615515204e-06	0.000794228306612327
"SMOC1"	2.08010451934257	7.01544437499132	40.5141178636823	1.28670605530039e-06	0.000804576409544894
"TGFBI"	1.69081544225724	9.00176026518673	40.2643913946369	1.33132632037573e-06	0.000804576409544894
"FSTL1"	1.52559213790257	7.81714559117661	39.6003982577196	1.3600405162725e-06	0.000804576409544894
"PAM"	0.960833847895036	6.33001816935721	31.6451392649508	1.38469393261319e-06	0.000804576409544894
"VSTM4"	1.16772325852665	4.81925190167749	29.8292243295556	1.51622059577018e-06	0.000845580744286317
"RRBP1"	0.689375416321619	8.95107906215648	29.4409031589363	1.55846979126043e-06	0.000845580744286317
"AOPEP"	0.916638446231219	5.09936616989937	29.3258065078914	1.61849855443844e-06	0.000845580744286317
"LGALS1"	0.853672803482473	7.95211086195534	31.4122795733949	1.63096736687312e-06	0.000845580744286317
"CD63"	0.631289516192159	7.75554223679577	29.2909084675257	1.63717121989864e-06	0.000845580744286317
"ANOS1"	2.11202841257994	3.62130537598581	31.200277103412	1.68384588258123e-06	0.000850781434846803
"FNDC1"	1.92833255916845	7.45096167617271	38.7459212905741	1.81490195604104e-06	0.000868849748935949
"CSMD2"	2.57933173459917	4.24928987883575	37.0306206108125	1.83179736710241e-06	0.000868849748935949
"EPOR"	-0.946992001643939	6.10362936667205	29.8981270305886	1.8513135566138e-06	0.000868849748935949
"CLVS2"	3.0346837459889	2.23476205676105	29.1823056999345	1.86913722772556e-06	0.000868849748935949
"VCAN"	0.934321134138758	8.21914194031188	32.4563129062587	1.93910769854553e-06	0.000880559714178578
"PYCR1"	1.02123830306733	5.11801799691	28.6879639780725	1.99771923308609e-06	0.000880559714178578
"B4GALNT3"	0.951263812310561	5.31719235399329	28.620958094708	2.04260303034479e-06	0.000880559714178578
"ROBO1"	1.42618653492517	5.08492495927084	33.0809189925397	2.07757894877201e-06	0.000880559714178578
"FAM114A1"	1.55172889422699	4.91493938310749	33.5099107569791	2.08376147835048e-06	0.000880559714178578
"THBS3"	0.951403881554394	6.36384085056299	30.3720324666802	2.12587602337328e-06	0.000882314473843603
"ARSI"	2.67416515107344	2.77404377596507	28.6792919321701	2.58566558643676e-06	0.00101248644429494
"APCDD1L"	3.41899404400078	4.377939776794	36.9152976359651	2.59895345364905e-06	0.00101248644429494
"TNFRSF12A"	1.22805079365615	5.52576258856084	31.6601631642322	2.6139975882597e-06	0.00101248644429494
"BAIAP2L1"	2.01602983261005	2.97798043630143	27.8151759973202	2.67247284640261e-06	0.00101248644429494
"TRPV4"	1.88710803438272	5.86748400020762	36.4058313151283	2.69880154552521e-06	0.00101248644429494
"FGD2"	-0.833469039663755	5.65515037911335	27.7836429758715	2.7008931910458e-06	0.00101248644429494
"COL5A1"	2.16186516804245	10.8560655431008	36.6359217421433	2.80729028468869e-06	0.00103566731423388
"SRPX"	1.36516045962963	4.42138419192668	28.4391681543411	2.94933456668234e-06	0.00107106928123174
"PPP1R14C"	3.1795105063937	2.0902930256986	27.4994386766566	3.10459870899139e-06	0.00110172112068928
"INHBA"	1.57171462473465	6.90689833284422	35.5636710724211	3.12854289499579e-06	0.00110172112068928
"SLC39A14"	1.69190148211593	7.90358923848106	35.8089891410549	3.25687333252412e-06	0.00112979477603769
"PHACTR1"	-0.774159352623006	5.55171784934115	26.9490882096149	3.57949568567153e-06	0.00122345056950556
"OMD"	2.33264616371686	2.86056183436352	26.8688840854662	3.82704571111643e-06	0.00128910429590968
"LOXL3"	0.86513552235933	5.66385777159132	26.6917469615861	3.90682664542568e-06	0.00129717806989976
"TENT5C"	-0.791062756601889	6.62941689095574	26.7518146222925	3.99306847312363e-06	0.00130463797587337
"THY1"	2.0148192699526	7.11625097102984	34.859189053881	4.0415598598607e-06	0.00130463797587337
"ANKH"	1.10613284543147	8.37474154784523	32.2736096276061	4.40592516406219e-06	0.0013950907219786
"SAMD11"	1.35113125121889	4.17344607583185	26.4672244612574	4.44181711670324e-06	0.0013950907219786
"CDK2AP1"	1.01184191000556	5.50552802340905	27.631026881175	4.54907581970714e-06	0.00139674350800914
"CALU"	1.09197304690029	4.6646655441004	26.2346878470428	4.56727074299522e-06	0.00139674350800914
"COL15A1"	1.83093314894584	8.81387361770208	34.2021585145732	4.65288702807865e-06	0.00140444675722862
"LOXL2"	1.93499574124581	7.11778458389853	33.9580835498413	4.89265614736709e-06	0.00144228920273156
"AMOTL1"	0.761546025995242	6.40039213507213	26.0284602283117	4.90236842852566e-06	0.00144228920273156
"SERPINE2"	1.59353435499083	6.17352435662252	33.2330117667217	4.97897266538587e-06	0.00144651603361123
"SCX"	1.4786923001289	3.82347602416776	25.5595296943706	5.76314241597635e-06	0.00165366612385336
"IL11"	3.09754929331291	5.22263335418315	32.4099150613826	6.87942414557649e-06	0.00194989726818889
"IL10RA"	-0.671437362951536	7.88554899646071	24.9722202461188	7.06825173635527e-06	0.00197928080549842
"MGP"	2.3112383813915	6.96909196349624	32.2247988975239	7.1680369535525e-06	0.00198332755802937
"SDK2"	1.38210902828263	7.69921698551724	31.6488417042502	7.33858531504084e-06	0.00200662823402564
"DAPK1"	-0.663477978683295	6.00334559729662	24.8254469565503	7.44018763844766e-06	0.00201042001419104
"COL11A1"	2.28321144648042	8.25828384669131	31.9165354315245	7.68052354753673e-06	0.00201042001419104
"KIAA1755"	2.25647398822925	4.93112599014071	31.6456822475325	7.77862921776755e-06	0.00201042001419104
"IRS2"	-0.818352018448789	8.6353812098521	27.1807480579049	7.80164732918459e-06	0.00201042001419104
"FZD1"	0.812947252310395	5.8943793280116	24.6639218133974	7.87315532130669e-06	0.00201042001419104
"CTHRC1"	2.28033759691194	4.12340298989295	30.0319307540928	7.99401079609326e-06	0.00201042001419104
"GOLM1"	1.40399799887553	5.78588667266623	30.1646720361373	8.03081046047212e-06	0.00201042001419104
"CHPF"	1.23150314646312	7.18233152862617	30.4462634547546	8.04444803888507e-06	0.00201042001419104
"SRPX2"	2.04838743026408	5.33381122932195	31.4265147049289	8.22778188689595e-06	0.00202540311093981
"SMOC2"	2.44226807157481	7.46262171693713	31.5805535538684	8.2786892496034e-06	0.00202540311093981
"NAV2"	0.603481035958759	6.72306272887509	24.4625222612077	8.45003339494394e-06	0.00204578829338841
"LRRC15"	1.76783984436991	7.05569305271707	31.2687344240661	8.78200704255924e-06	0.00210424131632126
"MPZL1"	0.701889208580716	5.23097174986773	24.2656990027246	9.05643195038311e-06	0.00214785297337555
"MKNK2"	-0.518429003293083	8.81849304737117	24.2182002864439	9.209449704158e-06	0.00216208111135394
"TMC6"	-0.728213920017718	7.52243885242097	24.6724818580497	9.50984864938881e-06	0.00220900491989583
"TMED3"	0.807697859068364	5.56394934901975	24.1007731712893	9.59941041689524e-06	0.00220900491989583
"PMEPA1"	1.0668305967532	7.27919769338946	28.301335131231	1.0584736964519e-05	0.00240948541651168
"TIMP2"	0.626713533648852	8.66285403467564	23.8001968339557	1.0677953614177e-05	0.00240948541651168
"PXDN"	1.5126627525296	7.09014183355843	30.1565906462603	1.0941368699385e-05	0.00244518549337603
"ADAMTS2"	1.51661148777203	7.33722623796978	29.8844488469671	1.17908095794889e-05	0.00260992377377601
"SCUBE3"	2.28804470075654	4.55182742899193	29.3514209227443	1.23012475526244e-05	0.00269722260017072
"UGDH"	1.02859800991195	5.1039047384193	24.3261034053301	1.25783995473226e-05	0.00271514339355467
"PALLD"	0.947538995631103	5.43494662152017	24.2751524148543	1.2616620192062e-05	0.00271514339355467
"PRKCA"	0.764873984834966	5.89741525755611	23.2251895063878	1.31076616831725e-05	0.00278245522525476
"MMP14"	1.41433940827457	8.15258616426975	29.4000550715695	1.31688355037442e-05	0.00278245522525476
"COL5A2"	2.08757574117788	9.93863249725194	29.4927471322726	1.33367801671956e-05	0.00278695633279425
"HHIPL1"	1.79202818432672	5.70626159695051	29.2886205804262	1.34299590944392e-05	0.00278695633279425
"SCD"	0.764720055965851	6.49808221208391	23.536347234489	1.36763016643444e-05	0.00281296109099727
"PTGDS"	1.1564610303567	4.45638782539858	23.235805888019	1.40642597137951e-05	0.00283666615513155
"RASGRP4"	-1.35544741946503	5.23177407923333	26.6070728544679	1.40912516523556e-05	0.00283666615513155
"ARHGAP4"	-0.766214549532162	7.6788174538456	24.3544113953809	1.4157700455867e-05	0.00283666615513155
"NCKAP1L"	-0.728341386475725	5.98869980152333	22.9520389027155	1.44573390212017e-05	0.00285492731743105
"MT1G"	2.18764403351942	6.4572692530794	29.1298692763576	1.44945109481483e-05	0.00285492731743105
"AOC2"	1.11799998232487	4.46098561079767	22.8822765499415	1.48247307564233e-05	0.00288920585098515
"ARHGEF19"	0.774171707907479	5.05339504466957	22.8650084742778	1.4917162985897e-05	0.00288920585098515
"WNT9A"	1.36928462052561	3.50200007000363	22.8193046486506	1.51647141145155e-05	0.00291287839214519
"ADGRG2"	2.10115323700638	2.87645973226131	22.5621340031108	1.66397522540736e-05	0.0031462898366829
"MYO1D"	0.973466752053226	6.61128269722827	25.5560407194567	1.66506174129591e-05	0.0031462898366829
"PMP22"	1.4027270471858	6.17486504630922	27.8566138684743	1.68745432890363e-05	0.0031628881864821
"MXRA5"	1.69784893387468	8.0954252833575	28.3068126323406	1.75765713178708e-05	0.00326811736455962
"FMOD"	2.32883424080209	10.3992808907953	28.2550651275451	1.78588325096295e-05	0.0032942459141969
"CCND3"	-0.621782775375502	7.45747126625643	22.2753837891193	1.84620945556019e-05	0.00336303899820416
"WNT7B"	2.54545943194462	2.73501642022485	23.2746566415328	1.85211682200384e-05	0.00336303899820416
"COMP"	2.51114201479325	12.6680174369806	28.0382073608056	1.88100770809336e-05	0.00338902179469038
"PTPRD"	1.04903434481647	4.75269239943802	22.5025980232497	1.92460915080582e-05	0.00344090506792529
"FN1"	2.55173009498479	14.6088128497075	27.9029399961396	1.9431020119833e-05	0.00344744862309281
"PRELP"	2.35698058494054	10.5979443865996	27.5710693385708	2.10504826374882e-05	0.00370647967773107
"LILRB1"	-0.905524793436829	4.64583497901213	21.8016660156796	2.19419659062957e-05	0.00382540334435686
"CRLF1"	2.91633269975334	7.94714223476528	27.3688903985733	2.21085229303927e-05	0.00382540334435686
"H19"	1.92106322559973	6.52917549196863	27.3130537287209	2.23490732140665e-05	0.00382540334435686
"GLIS3"	1.53784330494838	6.07598409009852	27.0907937076278	2.2384255005272e-05	0.00382540334435686
"BCAT1"	1.17471217301099	4.77128231164055	23.2173449291441	2.31444981938918e-05	0.0039264556716966
"HOXC10"	1.90726468423801	2.8786227200561	21.6001376392935	2.36235262419945e-05	0.00395042996780137
"CERCAM"	1.32559280851782	7.2225013591802	26.7864131663244	2.36257536151962e-05	0.00395042996780137
"DCN"	1.95627727509377	7.84485199636585	27.0459280646091	2.39079393881216e-05	0.00396905948041944
"TBC1D16"	0.683016864236631	6.78633160414869	21.5333227428192	2.42102304426078e-05	0.00399073883650419
"ZNF385D"	1.53086733228195	3.41124943654441	21.4584354160193	2.48859020051673e-05	0.00404170070971768
"DKK3"	1.85148393797423	5.76810137103608	26.8029500069357	2.50281531203951e-05	0.00404170070971768
"MELTF"	1.38548889899393	7.24576578087766	26.6694723746214	2.50410851991802e-05	0.00404170070971768
"PRSS23"	1.76290786530969	6.26981808087063	26.7750289124991	2.53304627150581e-05	0.00405703225360082
"PAPSS2"	1.75905714580861	5.86209478346737	26.6962538440987	2.54851866889992e-05	0.00405703225360082
"EFEMP2"	0.97958605939211	6.44439723303094	24.2262737445041	2.58237601512103e-05	0.00407691476069035
"SLC39A7"	0.624117748579064	6.40385803311686	21.3430458410872	2.59657226468119e-05	0.00407691476069035
"C1R"	1.33327554364785	7.46933770842774	26.47200746427	2.61363178445427e-05	0.00407691476069035
"LINC00511"	1.85891210214115	5.19881101656844	26.390710731772	2.68437771752642e-05	0.00415935379404993
"ENO1"	0.516127795375541	9.0596440841094	21.2200793904261	2.71703373377255e-05	0.00418207271790342
"LCOR"	-0.708391520007012	5.87028832806587	21.1970127019212	2.74027175521455e-05	0.00419009185096688
"REC8"	-0.681079143564856	5.57905969249444	21.1614524400437	2.77650271790537e-05	0.0042177435404939
"CD99"	0.580004272885888	7.58436989923687	21.1317348530595	2.80716361209885e-05	0.00423662965405204
"HTRA1"	2.3258913523497	10.0356938913703	26.1721651347086	2.96788010588092e-05	0.00445028834973448
"PLOD2"	1.81905706967919	5.63582089007903	26.0517129732712	3.00786202022261e-05	0.00448132878679576
"IGFBP2"	0.838827298620844	5.93719868134121	21.781812704153	3.04861609892492e-05	0.00451311690262503
"TUBB3"	1.36189304864488	3.6041152028706	20.8344010952848	3.13408716234966e-05	0.00459093976713082
"TAFA5"	2.32881855132083	2.40022060216853	21.1415935145882	3.16746076063402e-05	0.00459093976713082
"ITGB5"	1.29285814114205	8.14877437833948	25.7626792090644	3.16756814022275e-05	0.00459093976713082
"SNAI2"	1.27662885838891	4.85874689252652	23.333114694759	3.18019663758739e-05	0.00459093976713082
"TMEM59L"	3.16860596372643	3.44998521173065	25.1905871487102	3.25179047365853e-05	0.00462050637421384
"H2AX"	-0.605603741487833	7.97959524877904	20.7298059806707	3.25832337026808e-05	0.00462050637421384
"TWIST1"	1.44710571860153	4.57739855094735	23.3062699830847	3.26332650858761e-05	0.00462050637421384
"PRRX1"	1.69635069630867	5.44760813665869	25.5798748956141	3.28019770994442e-05	0.00462050637421384
"FKBP10"	1.7531090784925	7.80173928391822	25.6394239594959	3.38672200699237e-05	0.00474181884858534
"CREB3L1"	1.62891174685557	5.60255289766424	25.3194448784892	3.47899288330406e-05	0.00484184147267982
"BMP1"	1.31009606924222	6.65670444099151	25.1416806258164	3.52956996738213e-05	0.00488299197511282
"FBN1"	0.931891165108078	8.46292911610425	23.9867076719878	3.63443353662258e-05	0.00499831386143089
"JARID2"	-0.610599312368875	6.60771536216601	20.419736931503	3.65769117464345e-05	0.00500070931065077
"DSP"	1.51557211742998	4.31466950345188	22.7280200214164	3.7413374793373e-05	0.00508515588858231
"BPIFB4"	3.66317490813663	1.0646086761539	21.1469548285423	3.78878747196979e-05	0.00511970921066987
"GPC1"	1.5757013049087	6.35510645061514	25.0537881774095	3.86723505923705e-05	0.00514030376938306
"PTPRF"	0.723141866129605	7.05495001750871	21.0762242070329	3.87361303674215e-05	0.00514030376938306
"CHI3L2"	2.21274391506084	7.44751978047516	25.1068084854191	3.88125399573119e-05	0.00514030376938306
"FOXD1"	1.39616549257489	4.10783773012079	21.2417777029429	3.89249403412537e-05	0.00514030376938306
"PRICKLE2"	1.2797766216302	5.65565879003998	24.0690612127799	3.95519112230689e-05	0.00515972548747345
"EMILIN1"	1.14952048693623	8.06557180359783	24.6597260240362	3.95834734247181e-05	0.00515972548747345
"EDIL3"	2.14295467513535	5.13269472604153	24.9818587915101	3.9738011455888e-05	0.00515972548747345
"CDCA4"	-0.788675869282921	5.0998807628905	20.1544829984414	4.03978364642983e-05	0.00521625841724012
"NFKBID"	-0.631157092680641	7.46503634407777	20.1240673176991	4.08618192444665e-05	0.00524701880044138
"CCN6"	2.21299987364537	2.15366557979862	20.1676236860317	4.13227670055291e-05	0.00527705357550828
"FHDC1"	-0.70660832101678	6.06547638157016	20.0466624438011	4.20678386571748e-05	0.00532191967621955
"PKM"	0.474952476031318	9.20330712989887	20.0426060037769	4.21320549188709e-05	0.00532191967621955
"DSTN"	1.07873632216374	5.2297667059862	22.0013095827443	4.25165102601969e-05	0.00534145260252701
"FZD10-AS1"	2.16836008176223	2.17969075419638	20.030825766768	4.34896819539071e-05	0.00543433972028338
"CKB"	1.27476276692678	6.36245137921174	24.0848638169907	4.46112343818522e-05	0.00554467545188775
"IGF1R"	-0.520077518669816	7.15054904205618	19.7583543624356	4.68964299622706e-05	0.00579769587863347
"TAL1"	-0.943618975756469	6.4162440002176	22.0809402610862	4.73708712466061e-05	0.00582536396568053
"EFEMP1"	1.77869083228575	5.33597155261492	24.1692991133001	4.79003867409367e-05	0.00585947783490974
"CHST6"	2.0919338267219	5.54163049131676	24.1865240350405	4.90326967002632e-05	0.0059665860560603
"SPATS2L"	0.849780569541635	5.13534450854306	19.6457051903556	4.9308943786664e-05	0.0059689503723419
"SDC2"	1.28974403703175	6.31279823037353	23.6700396276286	5.07094056965329e-05	0.00610667361242911
"CD276"	1.58766284309037	6.6701727738606	23.9683414075911	5.16638892641979e-05	0.00618954698081695
"COL16A1"	1.69664659773786	8.25802095739343	23.8959341009137	5.30223390913691e-05	0.00631971900082872
"MTHFR"	-0.496480477647497	7.05231930516198	19.2426041634988	5.70301055227294e-05	0.00676272302326162
"CCN4"	1.84712067105179	4.16808422403246	22.3275922626317	5.82670329155771e-05	0.00687432679707535
"DDR2"	1.12204346781802	5.64398918940429	22.0489037633275	5.89193444185312e-05	0.00691617880290658
"RHOC"	0.873469974672037	6.65823694807972	21.2429222044434	5.93523107437162e-05	0.00693199199148468
"ANTXR1"	1.442819734754	5.77989880661026	23.1468751878916	6.06910469410322e-05	0.00705063940935526
"RAB34"	0.795078284840773	5.72735432271062	19.6204219798296	6.09748955029863e-05	0.00705063940935526
"MFGE8"	0.982905126918248	7.52223631070644	22.3302893316857	6.18956726202101e-05	0.00709963046166757
"SLC2A10"	1.04055108828091	4.87536393322055	20.0875316665665	6.20095079476171e-05	0.00709963046166757
"CD151"	0.558298668806466	7.51249701193182	18.983176203473	6.29667957525465e-05	0.0071738934651014
"P3H4"	1.34816716983566	5.50122863490661	22.6421692963084	6.38071793460813e-05	0.00723417786517864
"CPXM1"	1.52307060919502	5.36830572776148	22.8279620228596	6.44235020778435e-05	0.00724495735368744
"HAPLN1"	2.20383982782968	4.66740823574643	23.0741429274365	6.45298712585078e-05	0.00724495735368744
"SPARC"	1.48476305324213	11.2383101913911	23.1350088177744	6.48374119941049e-05	0.00724495735368744
"NPAS2"	1.60102582027935	3.06831585827452	18.858226516309	6.60527075741459e-05	0.00734544033224067
"ADORA1"	1.80384384625187	2.82857293140466	18.9095817313188	6.64038788467582e-05	0.00734932834360169
"CD109"	1.20031401313844	5.35556091647738	21.7497527361215	6.70659208829868e-05	0.0073874224320492
"P3H3"	1.19428070193379	5.72395197593441	21.9286411037723	6.93662218805794e-05	0.00760476287239824
"ITGA11"	1.76289879104395	6.36176957628546	22.7614155611993	7.14553860722811e-05	0.00779702386428149
"DBN1"	0.622327110649413	6.20015171609497	18.611348150037	7.26226154904795e-05	0.00784374454965151
"NDUFA4L2"	1.85674012362922	7.72076292891712	22.6946662438771	7.2951028687067e-05	0.00784374454965151
"SERPINE1"	1.38037052893991	8.13196232571941	22.661250308879	7.30804606078328e-05	0.00784374454965151
"ITPRIPL2"	0.801737818526146	6.60877075311937	20.0491390079403	7.33612263593666e-05	0.00784374454965151
"RBM38"	-0.901443016299112	7.61288461530924	21.29439548278	7.3570962560194e-05	0.00784374454965151
"FN3K"	-1.14934674849415	3.96311619608451	18.5501895655032	7.43531807634234e-05	0.00789094350366889
"CTSK"	1.37474987517467	6.68125476391575	22.2499432995671	8.02487884390821e-05	0.00847791973136884
"ANGPTL4"	1.46212918697745	8.00548763900888	22.2172194784439	8.27271801337758e-05	0.00867770067561172
"SIX1"	1.2730160288955	4.11083932472465	18.8794294681636	8.32855148613838e-05	0.00867770067561172
"DENND4B"	-0.580243188306983	7.5941182891926	18.2376274328778	8.38942335014226e-05	0.00867770067561172
"RIN3"	-0.647498562859434	7.84503761738519	18.8670434660222	8.39279830605531e-05	0.00867770067561172
"IGFBP6"	1.87029512754037	5.8410459890303	22.158840414923	8.41260249159776e-05	0.00867770067561172
"SERPINA5"	2.158340061305	5.67861456309986	22.1546336111577	8.43800168956307e-05	0.00867770067561172
"IGSF3"	0.995606673340848	4.89880655407508	19.0700450484908	8.54020981436621e-05	0.00874412143196032
"BPNT2"	0.647315241479424	4.91438687499823	18.1640505175493	8.63205904012178e-05	0.00878991079381487
"SSC5D"	1.81663612532021	6.66770952122594	22.0413651928138	8.69992819361759e-05	0.00878991079381487
"COL1A2"	1.79030479160641	13.5678960726876	22.0424737340136	8.70680439159802e-05	0.00878991079381487
"COL8A2"	1.41338369889915	6.3978856287648	21.9401671342054	8.73620769886944e-05	0.00878991079381487
"P4HA2"	1.65714478697432	5.31996124888745	21.8717863045384	8.8566946707212e-05	0.00887272834210785
"FOXP4"	0.734960704735817	6.23492006942381	18.668104342034	8.90056360384905e-05	0.00887840769444891
"SIPA1L2"	0.565452988874349	5.81221382192501	18.0613576363848	8.98301461808467e-05	0.00892236007493692
"ROR1"	1.61969048120653	2.85746502895324	18.0234808207714	9.11618907535378e-05	0.00900537047457787
"SERPINH1"	0.972360754443976	8.4185387058723	21.3051074296844	9.14408154203759e-05	0.00900537047457787
"PLCG2"	-0.748067000426321	6.34520025058375	18.7615687980062	9.26059657486359e-05	0.00907087526013408
"YIF1A"	0.72547709440301	5.53450767753181	17.9752788209816	9.28865120003403e-05	0.00907087526013408
"PIK3R6"	-1.1711457377063	3.60011158241081	17.8952882096268	9.58240057161641e-05	0.00923388410867229
"CA2"	-0.849225916665018	6.65372559516169	19.6958115503876	9.58825181103471e-05	0.00923388410867229
"C1QTNF8"	2.43332845135783	3.0162115661319	19.7412308509732	9.61050238621915e-05	0.00923388410867229
"DIO2"	1.96055583682281	3.22975117109522	19.1202852378335	9.61449081102613e-05	0.00923388410867229
"PAPPA"	1.30464707965638	6.00278426673119	21.3909588089456	9.71264524877228e-05	0.00928976546798211
"XYLT1"	0.574931172644938	6.85285605682518	17.8442420286321	9.77490889401024e-05	0.009311001332565
"CRYAB"	0.93864578309896	5.68764560206653	19.4903963753953	9.93833457970655e-05	0.00939991491147034
"CRTAP"	0.541728840549348	6.98565248477214	17.7887311490375	9.98884101534928e-05	0.00939991491147034
"SEMA3D"	2.34322797282157	3.09620699766788	19.5335665599224	0.000100361670933323	0.00939991491147034
"FAM171A1"	0.966087059027412	4.31058703916788	17.7732785324407	0.000100492585070245	0.00939991491147034
"SERPINA1"	0.878180726136644	8.03596952513204	20.4122102880701	0.000100851864709687	0.00939991491147034
"THEMIS2"	-0.819847382179309	7.31524948776925	19.7350861020131	0.000101109144129919	0.00939991491147034
"HMCN1"	2.27236582203959	4.06997037727294	21.1089990966595	0.000102446942685873	0.00948067943016592
"LDLRAD3"	0.944780307987582	4.23229667353323	17.7152990511339	0.000102793701764126	0.00948067943016592
"SLA"	-0.940184471829463	6.67191738166024	20.126953158127	0.000103891237104048	0.00954403214534498
"SLC38A3"	2.17737290735858	3.67712454591983	20.4174454040326	0.000104742228791231	0.00958432630537715
"ECM1"	1.8064831272467	5.55926864315993	21.321375525949	0.000105562322265675	0.00962148821215219
"SSTR5-AS1"	2.50875313533033	2.55229300881738	18.5068511627726	0.000106390103758575	0.00964079012833159
"PSD4"	-0.74651119081422	6.74689466208822	18.6918767650014	0.000106603694302608	0.00964079012833159
"SH3PXD2A"	0.785088717315008	8.06418785877441	19.6318457796668	0.000107315199380385	0.00965662499264919
"PCOLCE"	1.43039541095333	8.63280898610877	21.2657116809604	0.000107609752736259	0.00965662499264919
"PTK7"	0.658759900141719	6.20609793677856	17.5641787968934	0.000109053529391168	0.00974854665426738
"MYO1C"	0.596983730188318	7.94881514555607	17.7566007823093	0.000111944930166009	0.00996867458589417
"TSPAN14"	-0.48233772086017	7.8092045850439	17.461874342337	0.000113516041938415	0.0100699994150101
"CTTN"	0.549647801303898	6.90827563562416	17.3985166205132	0.000116374873869723	0.0102647935737593
"EFNA5"	1.36602296520452	3.27569149615883	17.3937014403525	0.000116595194194667	0.0102647935737593
"RHBDF2"	-0.600298738836202	6.86703966273468	17.3345966768538	0.000119335291552362	0.0104663805519245
"GPC6"	2.12202923019064	4.66036289558943	20.8233338816926	0.000120210029533873	0.010471869201961
"MRC2"	1.19361744717633	9.50441231934656	20.8421989430308	0.00012029898790653	0.010471869201961
"PHIP"	-0.645233084437484	4.91021931693014	17.2783474489063	0.000122005446845863	0.0105445508347707
"SGO1"	-2.44931056936105	2.03497264419731	17.7250975791377	0.000122041312045148	0.0105445508347707
"CLCF1"	0.753132186171323	4.42130842126023	17.2482579730169	0.000123459320160265	0.0106080696199729
"ARRB2"	-0.816258015417915	6.49949953795986	18.7143510823161	0.000124195166372853	0.0106080696199729
"PCOLCE2"	1.75533022651891	6.50333599242793	20.7467921311435	0.000124510649010661	0.0106080696199729
"MAP4"	0.514589326122281	7.75229704803971	17.2248644376065	0.000124602142941769	0.0106080696199729
"SYK"	-0.828928348523972	6.60858564434933	18.8612345253282	0.000125879782387092	0.0106777295702218
"NT5E"	1.61797736245058	5.28076148243434	20.5417433246615	0.000128767867619088	0.0108508516510089
"SMAP2"	-0.567747067506978	7.23441826122127	17.1397446643574	0.000128854446935653	0.0108508516510089
"COL14A1"	1.31005677140991	6.85245141447397	20.5429464131286	0.000129375369625843	0.0108553875120717
"ZFP36L2"	-0.482815475338449	9.85202295623598	17.1092379229566	0.000130415092519589	0.0109032646774831
"S1PR3"	0.732509824772285	6.75825315553589	18.1642514591316	0.000131118853242904	0.0109228114231956
"CYP27A1"	1.02853297648108	5.28895102054378	18.8496414700592	0.000132521717827519	0.0109642916642563
"CSPG4"	1.52950675754471	8.92877217019978	20.514945572512	0.000133007366547462	0.0109642916642563
"TRPM2"	-0.862567463643912	6.58267001786189	18.9726846786288	0.000133032021741686	0.0109642916642563
"FAM155A"	2.31524874927497	2.43558183772173	17.2343191936357	0.000134226833720468	0.0110036363109343
"NAMPT"	-0.563773873205631	7.78213803114442	17.0319801635016	0.000134456273655682	0.0110036363109343
"CCDC80"	1.50962039958714	7.80742342024099	20.444566201829	0.000135552755528163	0.0110173088716787
"CDCA5"	-1.09625117187508	4.22957921631252	17.0650056656051	0.000135571393911888	0.0110173088716787
"C14orf132"	1.26151292312396	4.94165022812919	19.3402514780799	0.000136374936068437	0.0110428714711657
"LOXL4"	1.27640741867486	3.79761339571816	17.1223979377395	0.000136836201002312	0.0110428714711657
"THBS2"	1.74541681515077	7.61401754206714	20.3863955367654	0.000137981249116501	0.0110967480690855
"ARHGAP30"	-0.654268689149258	6.75787603762918	17.3055660858662	0.000139265324814314	0.0111613954459803
"GRK2"	-0.590906916614416	8.53667548839183	17.3761471273852	0.000141171450682995	0.0112298199159252
"MT-ND3"	0.694573974780674	6.04144141727815	17.1019314247259	0.000141443461697634	0.0112298199159252
"TEAD1"	1.06179475816189	4.7154708014353	17.9400288561547	0.000141737797148158	0.0112298199159252
"COL27A1"	1.76776858888382	6.71144177694411	20.2784908606963	0.000142222930503601	0.0112298199159252
"CRISPLD2"	0.58900904996533	7.32444034255825	16.9359415440576	0.000142534931382752	0.0112298199159252
"TMC8"	-0.674976720191647	6.85698003344499	17.4303461082106	0.000144220067547214	0.0113241986822038
"C1S"	1.16519272770349	7.12576103961438	20.0519930978101	0.000145443378984224	0.0113818013951223
"PTGER4"	-0.490550400790632	7.16691714832452	16.8120797911673	0.000146690121856301	0.0114408450073293
"TNFRSF14"	-0.496336933381733	7.40747897551593	16.7544970245771	0.000150081832576667	0.0116455175575779
"MT1H"	2.88588768799918	3.09600455899618	19.4983995489683	0.000150316464472652	0.0116455175575779
"GIPC1"	0.599833066626485	5.72682523575727	16.7383135234767	0.000151049726596896	0.0116634476596846
"SPOCK1"	1.69936535577985	3.89804908075087	18.4325344186145	0.000151956321028543	0.0116692110897044
"TPBG"	1.60850945571781	4.82953227783574	19.7517642020306	0.000152785001620935	0.0116692110897044
"UBAC1"	-0.642637626721739	6.01336477999118	16.7046687581981	0.000153082844956329	0.0116692110897044
"ST6GALNAC5"	2.39689859663148	2.34368214593355	16.9338870460499	0.000153132664244035	0.0116692110897044
"RILP"	-0.671933611417723	5.13863321459626	16.6830046869077	0.000154407082690837	0.0117278739081713
"FKBP9"	0.946684176986367	6.18909508607141	18.7804930184511	0.000156780619663036	0.0118693653492126
"PHLDA3"	0.999243728202378	5.2808008512174	18.1820850536328	0.000158271601119922	0.0119071486945194
"BGN"	1.67465395574224	10.5465171567571	19.9059583457441	0.000158304317468656	0.0119071486945194
"CD83"	-0.503492684612873	6.88489458730835	16.586461291709	0.000160455407426495	0.0120010058486935
"TIAM2"	1.52390090240421	6.08941392059379	19.8238130137311	0.000160658448641743	0.0120010058486935
"MT1F"	1.0921623818343	4.00829860076322	16.5685579018877	0.000161603952386158	0.0120010058486935
"NKX3-2"	1.56072127793241	3.32815488315745	16.6715329178123	0.000161617538535456	0.0120010058486935
"PLEKHA4"	1.1182929633245	5.57031048747114	18.9933010862845	0.000165138025268076	0.0121920973102914
"LAIR1"	-0.639060777203394	6.04714588018067	16.5127415273833	0.000165240110693649	0.0121920973102914
"ACP5"	1.07015494983297	7.08768630483797	19.3838052156683	0.00016875776725318	0.0124122405901848
"TNFRSF11B"	2.53240770222022	5.67093473487642	19.6480629887278	0.000170504578772648	0.0125011590531038
"EVA1B"	0.686883945523561	5.33433514361541	16.4213445074412	0.000171379734773637	0.0125258106780153
"CAVIN3"	1.52190571195025	6.36161383376757	19.5441129923247	0.000174993472818255	0.0127357881934765
"CDO1"	2.06212451561332	4.95060040947553	19.5301211657055	0.000175348602612188	0.0127357881934765
"PPOX"	-0.815522800775519	5.41831895703136	16.8342339679815	0.00017670546249312	0.0127943562593928
"ECM2"	1.20109340710595	3.45491292533093	16.313575060401	0.000178926372884588	0.0128994617166614
"CYP26B1"	1.48700632177187	5.18650649511519	19.2800542790618	0.000179267108445126	0.0128994617166614
"ZNF469"	1.12962782819695	6.0237710334163	18.9833742309402	0.000181253895204363	0.0130021698529006
"MARCHF8"	-0.545260190224213	6.81561693118027	16.2720638860055	0.000181925059945676	0.0130101607484843
"COL12A1"	1.75077032064778	8.17334463521651	19.3566462622569	0.000185534426876226	0.013227580213059
"ADPGK"	-0.576665429795032	6.17025596170331	16.1752195510272	0.000189126707790003	0.0134235244669558
"BMP8B"	0.965345785767408	4.28114505819909	16.1649972564819	0.000189904047068021	0.0134235244669558
"SLC7A2"	1.66822911345544	6.44319558224888	19.2678025736689	0.000190140419369499	0.0134235244669558
"CYRIB"	-0.788623526307642	5.10684183268989	16.19074203032	0.000190593024442622	0.0134235244669558
"SIX4"	2.04690771151121	2.44728360469521	16.1322598824449	0.000192416038377791	0.0135109775346726
"CELF1"	-0.541469028097658	6.58987333326935	16.1213207190504	0.000193263131009734	0.0135295834064104
"TF"	0.961437722083984	5.71167368613047	17.9562558858773	0.000194144390090328	0.0135504622056439
"ID4"	1.14032353856562	6.228255887806	18.8854214349804	0.000194873923582785	0.0135529299469592
"TNC"	1.40343946410678	10.8031069429138	19.1792679283647	0.000195345991404841	0.0135529299469592
"MAP3K12"	0.786062956681828	4.7182590585717	16.0796679712771	0.000196524388631557	0.0135941066683769
"IRS1"	0.818369575766071	5.38427481654309	16.6898770927899	0.000198344768597897	0.0136793148716686
"FGL2"	-0.81852238331371	5.48898499324345	16.7788563538308	0.000201955731686424	0.013887145313183
"DHCR24"	0.87373042665069	5.10807378755499	16.6211101298103	0.000204638882585414	0.0140301383747793
"GPRC5A"	0.984976614250994	5.67336185086728	17.8389334224122	0.000207129602038928	0.014128424166001
"MARVELD1"	0.599936751314599	6.31091891546271	15.9403867635277	0.00020785327622589	0.014128424166001
"SURF4"	0.406191840317935	7.48715695748385	15.9398754910651	0.000207896096066273	0.014128424166001
"SPON1"	1.47830126900872	5.25053439967085	18.7641955024273	0.000211202457755768	0.0143112755777247
"HAGH"	-0.613925902096405	5.70999867450592	15.8825599730685	0.000212755243083086	0.0143745853480729
"ITGAM"	-1.00042221931357	7.21066690467237	18.4634500581638	0.000215324493254814	0.0144644203678791
"DGKD"	-0.601293733708328	7.35260023929987	16.1341246244153	0.000216381355254416	0.0144644203678791
"GAS1"	1.65504352184373	7.195860154679	18.8219166474269	0.000216932566848758	0.0144644203678791
"RCN1"	0.913088732938655	4.98152112762006	16.5684859529363	0.00021848831093201	0.0144644203678791
"CEMIP"	0.922285637446017	5.81858613743995	17.4820204495529	0.000218917320237899	0.0144644203678791
"REEP3"	0.842501314209527	4.38784990648587	15.8028435703335	0.000219711553980373	0.0144644203678791
"SORBS2"	1.26784844908639	4.80282250804608	17.8176178992127	0.000219833027787715	0.0144644203678791
"EMB"	-0.799553646706183	4.62676187064881	15.8012230222023	0.000219855406876217	0.0144644203678791
"EVC"	1.03564563931968	6.16794097370135	18.2142095911597	0.000220228436349464	0.0144644203678791
"ANGPTL2"	1.75964675721419	8.80340318281601	18.7708489871939	0.000220308269952207	0.0144644203678791
"IGLV7-43"	-0.991714316843621	4.50313647686516	16.0787654442032	0.000223411055017923	0.0146268161710607
"RTKN"	1.319998982372	4.58236711750388	17.6744743959969	0.000225012835545596	0.0146495838127889
"SGCD"	2.69632361305494	3.00784192366162	17.9845617986592	0.000225019422647175	0.0146495838127889
"MLXIPL"	1.1753716012149	3.42542117071481	15.7339992369824	0.000225910239708146	0.0146664966237339
"CEP192"	-0.718008648859597	4.48357285049701	15.6831588998976	0.000230604932601927	0.0149025683353753
"SELENOM"	1.05498925871566	6.62967097671536	18.3019416931639	0.000230840940471057	0.0149025683353753
"ACAN"	1.94766507223636	10.6914000425607	18.6040623914115	0.000231470061486554	0.0149025683353753
"TET3"	-0.738400190444659	7.39411206724567	17.011228176542	0.000238501895735481	0.0153128758582432
"ARID3A"	-0.744071047281757	6.03851090002408	16.3297816751967	0.000240305836181757	0.0153861935111196
"RNF149"	-0.562719874793636	6.9615319593244	15.5640610988019	0.000242005995067833	0.0154195002119535
"ADAMTS14"	1.48773015256673	4.63088276103364	17.9279598762268	0.000242564719758643	0.0154195002119535
"AGAP1"	0.842137301804819	5.62489742701436	16.6452114259526	0.000242816327234101	0.0154195002119535
"PRRX2"	1.69209369494451	4.02073823040943	17.6036337749611	0.000245994249221943	0.0155787420719793
"CCDC88C"	-0.542231373745609	7.30339701950904	15.5162653847156	0.000246745558244349	0.0155838594149868
"CHST3"	1.31800383337283	7.19455204074955	18.3424371206214	0.000248770188990262	0.015669151036617
"COL1A1"	1.79967084228402	14.4323106588877	18.3434495020423	0.000250136592632496	0.0157126342863905
"LBP"	1.79148681551122	4.6364527100681	18.1663743679359	0.000252595362345024	0.0157835767361638
"ZNF646"	-0.47330705719458	6.68401168947548	15.4582982544837	0.000252624152218093	0.0157835767361638
"PODNL1"	1.53315420626075	5.41548346275137	18.2421717356953	0.000254061086269272	0.0158307983031379
"OLFML2B"	1.21372824792781	7.36802563436175	18.2298064674033	0.000255608810509193	0.0158846523365098
"OAF"	0.729352262467914	5.81682853362679	15.91672427099	0.000259398998888788	0.0160772040857952
"DGKI"	1.75664091236667	2.8199736287136	15.4232499523547	0.000261682656073347	0.0161756071607892
"ESPL1"	-1.02236146690418	5.44776348937561	16.9526156268768	0.000262439050741449	0.0161793326719702
"NGEF"	2.22486369902124	5.14715553180995	18.1578812811314	0.000264257512998579	0.0162483415796639
"CDR2L"	1.00575290544002	4.84059703072582	16.3472993231818	0.000266075195578954	0.0163169385109394
"ADA2"	-0.589266053958945	6.16757309930905	15.3115199315988	0.00026817292209253	0.0163618861441934
"CPOX"	-0.987073328286592	4.90371724961988	16.131223858569	0.000268268470629251	0.0163618861441934
"NLRP3"	-0.74938901767448	7.88822613551793	16.928418397137	0.000269375381351631	0.0163618861441934
"ABI3BP"	2.20060178037401	5.64545938413504	18.092507532236	0.000269624059600124	0.0163618861441934
"EPB41L2"	0.588324095999407	5.9099681377091	15.2844736922164	0.000271145460316714	0.0164113614288569
"SLC15A3"	-0.518073343196757	6.25008699420823	15.2738635245595	0.000272320960643974	0.01643969809685
"PIK3R5"	-0.829039318885166	7.1787094106689	17.1110297150244	0.000274241722331685	0.016512761944127
"SRRM3"	2.1325977061511	2.43103930911848	15.5153123112723	0.000278960322381508	0.0166938625677422
"GAB2"	-0.530560863639696	6.24697008449993	15.2116967882011	0.000279316232523048	0.0166938625677422
"BARX2"	2.74409157262355	1.92770545318587	15.3983958293006	0.000279404205268553	0.0166938625677422
"NBL1"	1.38140485691203	7.51944687241352	17.9456461426574	0.000281222049345973	0.0167403923803694
"USP15"	-0.789196175564958	4.87183943528098	15.1915483039546	0.000281623501451013	0.0167403923803694
"B3GNT9"	1.07490430371136	4.90911727164454	16.5991809044378	0.000285545809247801	0.0168565939371544
"OLFM2"	1.17500804330941	4.23856819888117	15.9227457424258	0.000285599102985807	0.0168565939371544
"ALAD"	-0.775736469125156	6.58550689998073	16.4277991452883	0.000286022397996972	0.0168565939371544
"CILP2"	1.73945126863829	8.68659225068708	17.8915302007484	0.000286479416796144	0.0168565939371544
"CRTC2"	-0.607161483682041	5.92112625406874	15.1202709041173	0.000289946799161518	0.0170175341063434
"STEAP3"	0.446548353761518	6.75890008387975	15.0802984511051	0.000294726611513283	0.0172292599611465
"TYRO3"	0.895057635608285	4.11096591131207	15.077727807119	0.000295036806838324	0.0172292599611465
"ENSG00000271811"	1.92366492006863	2.69449407080513	15.3365186354474	0.000299052813540658	0.0174200137651929
"ATP8B2"	0.523981513566398	6.81049103136985	15.0309163200577	0.000300745528249272	0.0174748189189239
"TACC3"	-0.694571820820809	6.99370011841296	15.9502009805375	0.000301586603415555	0.0174799896174173
"AK4"	1.54660873060196	2.52604666141129	15.0012614660805	0.000304421587117348	0.0176004142482124
"HSPB6"	1.06287745496716	3.85679954884168	14.9830268377186	0.000306705260150681	0.0176884457975735
"LMNB1"	-0.780903672173634	5.12864490735237	15.0518261355951	0.000308537121449656	0.0177500489523092
"MAN2A2"	-0.719271273676671	7.69819779498895	16.3273076049894	0.00031047722420598	0.0178175596172726
"APCDD1"	1.09767541712959	4.20562728174738	15.3369202328893	0.000316873289384184	0.0181398251031212
"WNT16"	2.96091537464711	3.22395387101076	17.487128923992	0.000318216106330671	0.0181719379443181
"CD300E"	-0.978294388020218	4.77950272303582	15.6371320872172	0.000319640867041416	0.0181995658483066
"IFITM3"	0.779602991306727	7.08967641232362	16.4299661676282	0.000321536054027363	0.0181995658483066
"TPI1"	0.400923689729273	7.94527059488668	14.8609693684607	0.000322459828098643	0.0181995658483066
"LAG3"	1.35264922580468	5.35234369137819	17.3424006717644	0.000324234336440882	0.0181995658483066
"MCM7"	-0.643597236892647	7.31753871134155	15.5656738998318	0.000324605989566342	0.0181995658483066
"NCF2"	-0.96274542407612	6.13350372513036	16.7483815725523	0.000325797294746005	0.0181995658483066
"VIM"	0.373228753754632	11.2987820363394	14.8355572216008	0.000325844957112472	0.0181995658483066
"IL1B"	-0.680640792116126	7.74184787856622	15.9385142863162	0.000325853154293936	0.0181995658483066
"BID"	-0.639668620223025	5.69664894423932	14.8340678175846	0.000326044507663996	0.0181995658483066
"LCP2"	-0.837892707987232	7.39872379164123	16.7417139441334	0.000326530374268301	0.0181995658483066
"PER1"	-0.404525653168728	9.69156063946203	14.8235293627745	0.000327460104662451	0.0182077218960878
"C22orf34"	-0.607173879382168	5.04619240404237	14.8126758269862	0.000328924740408003	0.0182455103020592
"ASS1"	0.881303105965732	5.60071791301475	16.1077743790546	0.000331988747392625	0.018371624921189
"TMCO3"	0.498220684150022	6.05470771965834	14.7730132754646	0.000334335502163228	0.0184575433284507
"B4GALT2"	0.569584161069797	5.54240599094376	14.7663921108462	0.00033524778211158	0.0184640496489037
"COL4A2"	1.18475495798577	9.70511110416508	17.3248025560916	0.000339667598838059	0.0186460832221661
"OSBP2"	-1.10835630037969	6.4384340944401	17.0895606180569	0.000340157442827572	0.0186460832221661
"AHNAK2"	1.65211614519958	6.71268328268531	17.3131522847797	0.000341505652901852	0.0186759397288114
"MIR100HG"	1.64382838737737	2.65143835018038	14.6968817689694	0.000344983594740211	0.0187577238220165
"HNRNPA2B1"	-0.387094294057784	8.23696514418402	14.6961297128962	0.000345090530926069	0.0187577238220165
"KEL"	-1.78169107033582	5.53010129634416	17.2477893626478	0.000345422330084461	0.0187577238220165
"MEGF6"	-0.554601356360141	6.36678821469106	14.6420230644564	0.000352875681699158	0.0191178009185357
"ZNF592"	-0.441796865914621	6.70535609262985	14.627229793495	0.000355036011522967	0.0191753424061852
"DOCK2"	-0.698072992910695	6.69433054187189	15.4841303150221	0.000355587839990784	0.0191753424061852
"RAPGEF2"	-0.447955323380706	6.65635548080043	14.6120822079091	0.000357262410907465	0.0191934816484154
"LRRC8E"	2.5272878660101	2.39981451591246	15.5004985660051	0.000357575834857751	0.0191934816484154
"MXRA8"	1.2513446554621	8.75540884195681	17.1427920322875	0.000359349726900027	0.0192442542686876
"PRDX4"	0.646726609524463	5.21697945614782	14.5877762275143	0.000360865457597156	0.0192809999206278
"WNT5A"	2.39924607292199	2.52146740328075	15.4375233470001	0.00036324643474591	0.0193207975634989
"MTF1"	-0.606617008239559	5.2327802356433	14.5716767317763	0.000363272891113028	0.0193207975634989
"SEMA3B"	0.570262100884994	5.4164825470849	14.5603769626371	0.000364972619782179	0.0193668804314553
"SH3GLB2"	-0.462974960766065	6.47047605505357	14.5506885069165	0.000366436590563582	0.0193871227567015
"AGT"	1.33523359081381	6.08696254620588	17.0423561682037	0.000367022373846857	0.0193871227567015
"SLC39A13"	0.527434132489786	6.36915394050346	14.5404157384853	0.000367995559300012	0.0193944507692763
"SUSD5"	1.77299418988013	4.93716161726948	17.0261546722862	0.000370097490257319	0.0194610992501371
"GLI3"	1.58069785557934	6.80192384614627	17.0141808809229	0.000374374151302932	0.0196014461315616
"CIITA"	-0.437592467228265	7.14589111437409	14.4983421525259	0.000374453234765224	0.0196014461315616
"MMP2"	1.38038590313609	8.69933258442776	16.985466547177	0.000377736342141464	0.0197120224741296
"COPZ2"	1.34726100293167	4.6171385704262	16.3672264135533	0.000378261854550461	0.0197120224741296
"NLRC5"	-0.482112078637699	7.84394656689708	14.4555256384122	0.000381146646546842	0.0197904959229179
"TFRC"	-0.753338214682251	6.40374434486284	15.5032638178426	0.000381470707059084	0.0197904959229179
"KRT8"	1.32906162559089	3.74875681086515	14.8891422823512	0.000385465719168182	0.0199532165810844
"MEX3A"	1.27268638401964	3.09032714647259	14.3823068873621	0.000392884127213868	0.0202920286326771
"ADAMTS5"	1.44908410590731	6.10827806591549	16.8323109761369	0.00039449527294425	0.0203300645981602
"LARGE1"	0.725449177565241	4.43556287994904	14.3413894479263	0.000399607471668649	0.0205213749694594
"RTN4RL1"	1.08349720000962	4.43297513921849	15.1643933624368	0.000399973447257771	0.0205213749694594
"DNMT1"	-0.522526793714428	7.41776494307065	14.3133754070545	0.00040427987221041	0.0206821296727353
"FBXO7"	-0.562606058917827	6.26706347860647	14.3068947775451	0.000405368873769999	0.0206821296727353
"KCNQ1"	-0.641106795969676	4.82283512049476	14.2964747540975	0.000407126282596913	0.0206821296727353
"MXI1"	-0.715295066724893	4.43280580060312	14.2951370003906	0.000407352480195653	0.0206821296727353
"SPRY2"	0.77281248135906	4.89350995729705	14.3187654157256	0.000407555950009155	0.0206821296727353
"STX11"	-0.779799682407367	6.28200587955357	15.4652431660027	0.000411019070788531	0.0207870241440972
"SULF1"	1.51466401877938	5.87279031497001	16.7015250426058	0.000411411716129624	0.0207870241440972
"FKBP7"	1.98842454541318	1.93086345785106	14.3331410314077	0.000414411687746876	0.0208931810121755
"IGLV9-49"	-1.37184418009895	3.04237622694176	14.2818157901822	0.000416263266133385	0.0209335677469113
"SPRYD3"	0.518872121842533	5.82042473817688	14.2355987382033	0.000417553882258892	0.0209335677469113
"LTBP1"	0.480703371847622	6.93414435592961	14.2335203502267	0.000417914785068705	0.0209335677469113
"ENO2"	0.716479371972323	5.03597622067158	14.2178890025326	0.000420639569872971	0.0209971028892033
"TMEM170B"	-1.30341547409807	3.59695721300274	14.2844448637284	0.000421795967247576	0.0209971028892033
"NOS2"	1.87203721911452	5.5610074059383	16.8412078843725	0.0004223477678476	0.0209971028892033
"KDELR2"	0.661405906663994	5.48188942234964	14.2134672523492	0.000422796839865207	0.0209971028892033
"BACE1"	0.678175336054106	5.23074418528645	14.1765925408772	0.000427927902103377	0.0211239040076449
"CTNNB1"	0.406199609142692	7.71621627795451	14.1757968068322	0.000428069629182713	0.0211239040076449
"IGFBP4"	1.21903722050499	9.56569212903651	16.5811432365427	0.000428076705429858	0.0211239040076449
"P4HA3"	2.08989049544466	4.00478853242782	16.4064169576301	0.00043241433957697	0.0212927416958643
"GDF6"	2.77203206285139	3.14348140488087	16.45180161265	0.000440672565935863	0.0216535132716307
"VSIR"	-0.452895690613489	7.89677255616816	14.076941919551	0.000446064007054988	0.0218721933585908
"PLEK"	-0.684830997462808	7.25772272303605	15.0788995317019	0.000447512925752307	0.0218970429901792
"COL11A2"	1.44169038553886	8.03329251943646	16.408900378411	0.000452162034390818	0.0220780462254441
"C1QL1"	3.56551925901186	0.693828292854607	14.2748066343437	0.000456509609374033	0.0222435981993109
"GLIS1"	1.79851828876455	3.12331280343687	14.7054381978691	0.00046059371950257	0.022395646921922
"RHOD"	1.77429092843783	3.08779891742666	14.5379450404952	0.000464466442837225	0.0225368038923231
"SOX9"	1.34719138340566	6.42157097506356	16.2832532522994	0.000468325181907807	0.0226766955789609
"PTPRJ"	-0.597723395185278	5.85225874232465	13.9548202186877	0.000469391577277543	0.0226810790833361
"NFE2L1"	0.448014592767432	7.55885725160877	13.9237605189993	0.000475525691588134	0.0228698632909586
"COL4A1"	1.21901359274465	9.6460557725026	16.243641212217	0.000476107197353329	0.0228698632909586
"IRF8"	-0.539223093314356	5.88439645036786	13.9187404687916	0.000476524965189609	0.0228698632909586
"CA12"	1.81165697619091	2.36514800733416	13.948331968245	0.000478025204617722	0.0228698632909586
"CDH13"	1.44496238337113	3.92642026805012	15.0839426290245	0.000479117079861202	0.0228698632909586
"GNA15"	-0.749363333180868	5.75220409279654	14.5985438917884	0.000479791082782627	0.0228698632909586
"SLC22A17"	0.823112340539813	5.95082327582287	15.1377503788522	0.00048018644204405	0.0228698632909586
"TSPAN5"	-0.687939077534583	4.60539882034486	13.8919435925887	0.000481896328273481	0.0229043649524177
"TNFAIP3"	-0.516701114072552	10.241455715225	14.4087050727932	0.000484192588496509	0.0229665390649711
"DAP"	0.444741412672328	6.70230951531441	13.8676778796922	0.000486814957268287	0.023005376456609
"DEF6"	-0.737829617351418	5.80232351924529	14.5024096046742	0.000486991016980106	0.023005376456609
"GALNT16"	1.83394693270017	5.84530142663592	16.164277139898	0.000488368941531278	0.0230186494946446
"CST3"	0.434429009735685	9.20359423888395	13.8557459603009	0.000489252768709854	0.0230186494946446
"LINC01711"	3.2231253692447	0.666541922451903	14.084597525821	0.000502725010077808	0.0235784621301172
"PTPN6"	-0.637702069455426	6.85418290888776	14.3957983491503	0.000503180329426819	0.0235784621301172
"ISLR"	1.73688858755579	7.97412108045375	16.0487941844168	0.000506827492878477	0.0237015786508684
"CYTH1"	-0.418431047108905	7.73269186106768	13.7607233119235	0.000509128449153752	0.023761372319742
"SCARF2"	1.21007612538673	5.92803555968408	15.8836684567569	0.000518839074447825	0.0241216164400791
"PAX1"	3.37606806458333	1.6060853171791	14.4996011788271	0.000518922993719971	0.0241216164400791
"CPXM2"	1.26641157643024	4.40993017235748	15.0521619870954	0.000521038075620002	0.0241715907256688
"CSF2RB"	-0.6472427527488	6.29903643485533	14.1119519788664	0.000524109776536006	0.0242102100487343
"PPP6R1"	-0.421653349054701	7.43874348678707	13.6851075253126	0.000525547494679363	0.0242102100487343
"RPS6KA1"	-0.811590883027588	6.24591512823867	14.9508111141411	0.000526026559148146	0.0242102100487343
"MTMR14"	-0.530577329563713	5.91257393543162	13.6828904644485	0.000526037177291576	0.0242102100487343
"ACSS1"	-0.677457275475856	5.94252736739394	14.0916203853405	0.000527886738848864	0.0242473193366113
"P3H2"	1.04271544408212	5.11680803823356	15.166309208319	0.0005313731590166	0.0243593194514079
"TMPRSS13"	-2.58108938652484	1.11632344862689	13.7214591724132	0.000533750992527281	0.024386277429127
"PLD3"	0.466812709173416	8.22498552814196	13.646872431523	0.000534059685544515	0.024386277429127
"CHRD"	0.99650841330403	4.80289319076494	14.6427559055515	0.000536764887412329	0.0244008231870066
"SOWAHC"	0.829081511758167	4.55544967092607	13.6343003217971	0.000536889986879991	0.0244008231870066
"PIEZO2"	0.882230517704668	4.21419926711619	13.6314766813882	0.000537527814807133	0.0244008231870066
"RHD"	-1.73818224748874	4.3695085914868	15.726201288558	0.000545407548278347	0.0246679076699552
"FARP1"	1.02943616617685	6.00907152041741	15.5237630368557	0.000545534142602055	0.0246679076699552
"KAZALD1"	1.07961958726108	4.25075640648366	14.1359139618143	0.000556897345324653	0.0250967909523611
"ENSG00000266805"	-3.40105519504581	-0.102803901748381	13.8301864244966	0.000557178561716648	0.0250967909523611
"SEC24D"	0.493974911306897	5.76236510768244	13.5328968055533	0.000560300120756527	0.0251885791230623
"MPP1"	-0.683605662191545	5.65811515579987	13.7519946325832	0.000562946557416878	0.0252586947634809
"FRAT1"	-0.74628560232651	4.43497195236824	13.4942737084491	0.000569495318730586	0.025503295179068
"KIFC1"	-1.07320299328983	5.08689584514127	14.8081057319516	0.000572181356209017	0.0255297124949127
"ENSG00000280453"	3.23088941922832	0.157025517004574	14.1639606437827	0.000572282084581772	0.0255297124949127
"SCNN1B"	-1.04836329646608	3.79737247031189	13.467707137563	0.000575911687495504	0.025600296111332
"MMP9"	0.768352286303647	8.96360710071377	15.2486564057383	0.0005760672431902	0.025600296111332
"SMO"	0.979509269657213	5.35279909807526	14.9271182122539	0.000578419954849338	0.0256557950202449
"CRACD"	-1.15476828662466	3.42519378148472	13.4858440163111	0.000579989091838121	0.0256763932809554
"KIF26A"	-0.515718780225799	6.51498933143579	13.4335487544075	0.000584272947107809	0.0258168666096572
"FGFR2"	1.52891115382276	4.56128638455293	15.3825075627896	0.000587705643590063	0.0259192686305887
"TUSC3"	1.59926209712177	3.46929201897137	14.2915332014118	0.000592264040161016	0.0260482541158623
"CITED2"	-0.426937518451775	7.25450965687847	13.3989489920158	0.00059287180222404	0.0260482541158623
"COL5A3"	1.31961642552394	7.85199147334205	15.5432119385687	0.000595237448751387	0.0261028467620372
"ELFN1"	1.72717263837134	3.08206189872622	13.9531568163291	0.000601772649306067	0.0263397361867638
"TPPP3"	1.57870315387307	5.65336563715501	15.4994509507409	0.000602962882958259	0.0263422242964584
"SPP1"	1.36888337852194	7.94251335504925	15.4493343748744	0.000613769446672885	0.0267136118066391
"HMGN2"	-0.487012446602801	6.9912906863887	13.3126894815639	0.000614890804885122	0.0267136118066391
"SLC27A4"	0.5530902373606	4.77109656716017	13.3126084102767	0.000614911897278716	0.0267136118066391
"TRO"	0.929433864332195	3.56209098839928	13.2989308569599	0.000618481258736487	0.0268185474170773
"ENPP1"	1.53728041333536	5.61841289215571	15.3826319698013	0.000625586092262729	0.0270761116505966
"CLIP2"	0.467336913607609	6.58234150931843	13.2614146100399	0.000628383396121352	0.0271466299119934
"MYO10"	0.909720803037046	7.08640528998919	15.1052803268764	0.000634001007317303	0.0273384998368623
"BMP2"	0.980562804486837	6.38270938150261	15.0966889498667	0.000635657327916876	0.0273591622508223
"ENSG00000266980"	-2.35542551282502	1.46166771661672	13.2453884952338	0.000651327826532412	0.0279818139450394
"FZD10"	2.10340323232028	3.36972217157945	14.6694539999583	0.000654226537304317	0.0280544892620423
"LOX"	1.470909198737	5.91254060778557	15.2347583765527	0.000656711715972111	0.0281091965057529
"SHISA9"	2.95762422186333	1.01397325095414	13.322957289223	0.000661491135950435	0.0282612630363936
"SOX8"	1.34100633995838	3.9385267782692	14.0167527495148	0.00066300228583597	0.0282612630363936
"EHD2"	0.98835771811047	7.70072083533037	15.1308253559776	0.000663912297473148	0.0282612630363936
"HDHD3"	-0.709803869339414	4.37861450081743	13.1182109371325	0.000667732433496061	0.0283613940831918
"ADGRB2"	1.0935966744613	3.33828183556467	13.1132095022112	0.000669152442518775	0.0283613940831918
"CALD1"	0.946860520691271	6.93983852302066	14.9931831383126	0.000671056471859041	0.0283613940831918
"PDGFRL"	1.61887052941834	3.87777847473829	14.5119787660055	0.000671145630572045	0.0283613940831918
"SRM"	0.483401814832079	5.63025137936559	13.1015837341607	0.000672465457816912	0.0283655937760085
"PDLIM4"	1.85152107789281	5.10783089833819	15.1436640960115	0.000677249997578526	0.0285156602241306
"LAPTM4A"	0.568917806206144	6.4576831778559	13.1658461591971	0.000685483015920412	0.0288101198119751
"CLU"	1.83022353218536	12.5027969702229	15.0997420248648	0.000687769902610568	0.028854057899774
"ASAP3"	1.29196702798056	5.36017006034978	14.9876797929122	0.000693942838300512	0.0290605755815865
"SLC37A2"	0.650453663607288	5.57133994891412	13.1618312676318	0.000704252188182043	0.0294274812823705
"ECRG4"	1.70830211251034	7.2374707963985	15.0140434231687	0.000707224189777139	0.0294274812823705
"MRGPRF"	1.63864569327828	4.69317314627138	14.9507273572378	0.000708259681157304	0.0294274812823705
"HECTD4"	-0.427904475002562	8.03610453396723	12.9790176555008	0.000708456179340011	0.0294274812823705
"FXYD6"	0.884897955018349	6.2377051061419	14.5353632939287	0.000709034916019596	0.0294274812823705
"S100A11"	0.507522543961155	6.0831777402213	12.9619828939373	0.000713615651793686	0.0295448933957266
"RMRP"	0.792789053250126	10.855451871157	14.8517384367544	0.000715629514556564	0.0295448933957266
"GCH1"	-0.59307666861606	6.03292895474113	13.0152681020362	0.000715677436614495	0.0295448933957266
"ETS2"	-0.395369171460313	8.12032408991197	12.9445203932515	0.000718945512283312	0.0296271836817176
"IKZF1"	-0.706173756485942	7.24298390001382	14.0353199023278	0.00073066874635155	0.0300569964649606
"ZBTB20"	0.458857840159444	6.78260991818821	12.8994472704025	0.000732896067241395	0.0300953540544603
"MATN3"	1.70094362795551	4.18953984077207	14.6881313084391	0.000734716424337664	0.03011689441703
"PPIC"	1.53603229789069	4.12568798344546	14.4179409602662	0.000737960929122234	0.0301966336525686
"SCARA5"	1.39596471088193	6.49126109415311	14.8668864266756	0.000740970467876372	0.0302382109449398
"B4GALNT1"	1.74331135450408	2.65673182052957	12.8708097224969	0.000741906603458166	0.0302382109449398
"RN7SKP245"	2.6169064650763	1.14955133834755	13.0802235765585	0.00074391176090803	0.0302382109449398
"STEAP2"	2.09293872883082	2.31648975614303	13.1295274803693	0.000744181079963237	0.0302382109449398
"CLIC4"	0.469467332144536	6.28805368031274	12.8552720394677	0.000746843839389967	0.030241691547843
"ZMYND8"	-0.486948409957836	5.83743509290863	12.8525354347267	0.000747716975602512	0.030241691547843
"BAMBI"	0.907201848572908	4.19492849588628	12.8511161315261	0.000748170236640984	0.030241691547843
"PIK3AP1"	-0.590226567859429	6.19020783202629	12.9411617239619	0.000753267352864581	0.0303948607904142
"SMG1"	-0.469483199343312	6.31352353537811	12.8277958334083	0.000755659007278209	0.0304385210522706
"FZD9"	1.55123520011294	2.98092851398266	12.9005993467447	0.000758793199319266	0.0305118884750491
"NAV1"	0.9037270986188	7.77521876704223	14.6475079700391	0.000760231214744325	0.0305169151866798
"KDELR3"	1.94152577811553	3.17341967057872	13.8935515661317	0.000761792891722123	0.0305268799817338
"FAM110A"	-0.764479708923411	4.19958355101312	12.8043719873577	0.000763260051231629	0.0305330294504742
"NOVA1"	2.40675750744934	1.82699839094723	12.826175839111	0.000766578765693253	0.0306130990932003
"LLGL1"	0.553559016306965	5.93501858098711	12.7845310316546	0.000769761045559724	0.0306874549243552
"BAALC"	1.1424300842225	3.04033671885725	12.7673303585784	0.000775443840905916	0.0308610714903002
"SMARCA1"	1.22532264342404	3.26555425098988	12.7488734282111	0.000781590551814252	0.031052525820969
"COL10A1"	2.03987739408353	5.61066669065809	14.7017875922959	0.000783540522029648	0.0310609672866644
"GABRE"	0.879623049126586	4.30764802173088	12.7682204418238	0.00078471457616334	0.0310609672866644
"ACOT2"	0.909356886078357	3.68628462246397	12.7339956891596	0.000786582403945636	0.0310609672866644
"HEXD"	-0.55547054362006	4.93675079445207	12.7323141884386	0.000787148684788113	0.0310609672866644
"RAB11FIP1"	-0.570675963404329	5.90560920800026	12.7231575304394	0.000790239881135113	0.0311300937582073
"FGFBP2"	1.98010441450477	6.61643127065374	14.6658090101448	0.000792950304548207	0.0311391800628373
"SDC4"	0.577805758366968	6.25055108549998	12.8093700748007	0.000793150098838297	0.0311391800628373
"ANKRD9"	-0.517969785546592	5.92936551879151	12.7051071873742	0.000796370771698252	0.0311924694196283
"KCNQ1OT1"	0.432267202979703	8.5411650242608	12.7027016242243	0.000797191585718062	0.0311924694196283
"NNMT"	1.00317974923087	7.53520286718798	14.5825400144738	0.000800991645197822	0.0312539026916551
"ARHGAP27"	-0.499554251266329	6.91994547819972	12.6902598014505	0.000801451080123331	0.0312539026916551
"RCAN1"	0.678258165130098	6.07815192105015	13.271191606361	0.000804014180739283	0.0313013359945434
"HMGB2"	-0.939523650977691	7.21285017318568	14.4600927666718	0.000806910452190906	0.0313102237915595
"LTBP3"	0.877185815112904	9.2301276893941	14.5290585103233	0.00080693675463145	0.0313102237915595
"DNER"	2.23362154141469	4.03753619868608	14.5739633195003	0.00080896120673254	0.0313364606114628
"FGD3"	-0.645633638846464	6.65354484950764	13.2886499102544	0.000817891944671698	0.0316296914776366
"RBM15"	-0.503495938641969	5.80808644093606	12.6383750862165	0.000819472470738625	0.0316381713702776
"TBC1D8"	-0.572805529784322	5.0546487312674	12.627852052307	0.000823178956367492	0.0317285660097732
"IGHV3-73"	-1.08156042681627	4.13712426738884	13.0460055242885	0.000824980798433158	0.0317453703926878
"DAGLB"	-0.575575357408	5.59732728026332	12.6106201124202	0.000829286443461625	0.0318583066428679
"VPS13A"	-0.883122869698463	3.54646715772464	12.6047921294041	0.000831362765844	0.0318672810547492
"LINC00839"	2.49863270325424	1.49413989143496	12.7712088861212	0.000832262266596367	0.0318672810547492
"JAG1"	0.617679224113494	7.43236114869375	13.3109680570449	0.000840615916289543	0.0320824894436049
"PXDC1"	0.621593381774414	6.35710650549736	12.9882599695073	0.00084214576993573	0.0320824894436049
"TAGAP"	-0.534308996475738	6.39965305807086	12.5718383814293	0.000843205967602054	0.0320824894436049
"KIRREL1"	1.08007392942347	6.9604604949863	14.4390386146773	0.000845374774799855	0.0320824894436049
"TLR2"	-0.769729367860708	4.79337469746612	12.5977293982803	0.000845737084710403	0.0320824894436049
"MAP1A"	0.782280306065208	6.97557595877937	13.9496982956339	0.000846164961230952	0.0320824894436049
"C1orf122"	0.574391192188731	5.14641624196419	12.5490462136935	0.000851500452361207	0.032229897710597
"TAB3"	-0.844209870027254	3.91668764474224	12.545142633894	0.00085292958308796	0.032229897710597
"SNX5"	-0.56738125177262	5.27965751985857	12.5395915278846	0.000854966212335968	0.032229897710597
"CD74"	-0.393060012176075	10.9408767850152	12.5378678518274	0.000855599642347403	0.032229897710597
"GPSM1"	0.609850986899963	6.35635786385101	12.889615561264	0.000861143608048913	0.032339274345593
"KCNE1"	-0.851839640213864	4.37338702023586	12.5224536431861	0.000861286069181742	0.032339274345593
"ATG2A"	-0.673238751577225	7.70380087307364	13.570333235631	0.000870003086947587	0.0325746324743225
"LAPTM5"	-0.493182012723436	8.63801480945686	12.6836101083898	0.000871210526553134	0.0325746324743225
"BNC2"	1.43567460204123	3.32864188865092	12.7801814326293	0.000871758944971542	0.0325746324743225
"C5AR1"	-0.582133967259796	6.99438345542584	12.896026602263	0.000874936319310987	0.0326408827181797
"VWA1"	1.1660767799927	7.01837632302651	14.330940907242	0.000882234461007803	0.0328104358632046
"DLG5"	0.660357891746253	7.12832010092878	13.3710538612254	0.000883671282168141	0.0328104358632046
"LUM"	1.83076933221139	2.96058021305197	13.020708086564	0.000883716240012308	0.0328104358632046
"RALGDS"	-0.471972349042126	6.39820827352985	12.4487639974482	0.000889022772637007	0.0329336539353752
"ROR2"	1.03937177897632	4.69535980017749	13.4455672463429	0.000889868973040858	0.0329336539353752
"AXIN2"	1.05011730291753	3.65898674724334	12.4305924055245	0.000896005259901706	0.0331080353746191
"RELT"	-0.493248868037293	7.49407072242947	12.4114861579304	0.000903408857097513	0.033328616915334
"AKIRIN2"	-0.503598898537497	5.12642848204951	12.3846107815719	0.000913931567675547	0.0336379336922997
"TOP3A"	-0.477884625508621	5.63511240448775	12.3826918069897	0.000914687810581421	0.0336379336922997
"PPP1R15A"	-0.379392220822644	10.4612455919776	12.374678821003	0.000917852712274623	0.0337009995871829
"CDKN1B"	-0.468952290507514	6.16813357133561	12.3620800053859	0.000922852097437755	0.0338311174268901
"BICC1"	0.963018743984564	4.2560158044567	12.5790701106762	0.000925840391804773	0.0338872163564197
"CHTF18"	-0.765498144412499	5.43771505078704	12.9769798562954	0.000929019440861139	0.0339240302130719
"PLAUR"	-0.571448769040297	8.90780606138728	13.0987427420286	0.000929765392209224	0.0339240302130719
"ENSG00000215146"	3.25334625360119	0.350458621705406	12.4976184847316	0.00093357720713697	0.0340097201383659
"KCTD15"	0.565228573269185	5.42789243132081	12.3196401971322	0.000939903673597286	0.0341866059182287
"ANK2"	0.995891648155752	4.88931415253672	13.4034871585651	0.000942428191097626	0.0341887399146121
"ARSJ"	1.24071285208314	3.29656810509175	12.3122553471558	0.000942904323434574	0.0341887399146121
"ENOX1"	1.78850560701664	2.25575367050712	12.3039994967648	0.000946270763351788	0.0342573599405331
"ITGB2"	-0.571434204315979	8.63948071589254	12.9961055530994	0.000953608634977456	0.0344693186534153
"PLXNA4"	0.533026893669867	5.89982355212458	12.2757643108093	0.000957879518725859	0.0345699313264385
"LYN"	-0.571356316902394	5.95503441331836	12.2706092874738	0.000960015033301064	0.0345932858976486
"MYO15B"	-0.50388356391427	8.74374283249673	12.5723480994263	0.000962771413743145	0.0346389058795947
"PPP1R3C"	1.69781335255629	3.60907281615975	13.4626838580167	0.000966496459604251	0.0347191819383648
"HSPB7"	0.891129454785365	3.83963212023565	12.2439896524464	0.000971122088745071	0.0347472101748611
"GALNT2"	0.385191494157342	7.12539204621808	12.24291498048	0.000971573312785591	0.0347472101748611
"HR"	1.04830470005734	4.51374474053095	13.0565408057667	0.000971761750867382	0.0347472101748611
"RANGAP1"	-0.452735624758769	6.68217760581494	12.2359267742614	0.000974512822516551	0.0347920537955909
"ATP6V0A1"	-0.530251679887749	5.76809748469866	12.2239109152617	0.000979588955907114	0.0349196418914005
"NID2"	1.31256678288915	5.88698243662313	14.0005603829936	0.000985016382427566	0.035059342665209
"CCL3"	-0.533874822859552	8.0041908328044	12.5802239462606	0.000988075530029305	0.0350634825441836
"TBCB"	0.461141302039416	5.45133804969491	12.2002821757518	0.000989651928375118	0.0350634825441836
"WNK1"	-0.354280319620051	8.36494783950574	12.2002666573352	0.000989658572798575	0.0350634825441836
"PTMS"	0.522516206381584	6.33613846303854	12.1890349382738	0.00099447986478941	0.0351536526142949
"TBX15"	1.15443187848751	5.05625932565391	13.718668852903	0.00099603754622584	0.0351536526142949
"AP1B1"	-0.410892845687788	7.52116709241247	12.1836305759393	0.000996808484935188	0.0351536526142949
"VGLL3"	1.19256092750634	3.28595241744115	12.1796769766374	0.000998515620285074	0.0351536526142949
"KMT2C"	-0.445837893956666	7.21761282034208	12.1731687708172	0.0010013324890978	0.0351536526142949
"ZNF843"	1.65205246558428	2.29244303620797	12.1712467137535	0.0010021659812001	0.0351536526142949
"SMAD6"	0.9309655152551	5.95653212951718	13.6445492606169	0.00100308368172832	0.0351536526142949
"INSRR"	3.02631005600583	0.745527609164637	12.2569960556287	0.00100430364580896	0.0351536526142949
"ERRFI1"	1.15143150396822	6.11207649712086	13.9077251346864	0.00100680221622551	0.0351656486610199
"SMPD1"	0.487024878942333	5.71308303084607	12.1585906627848	0.00100767240376212	0.0351656486610199
"AMMECR1-IT1"	-3.59353805992278	-0.158758486324141	12.5278325244817	0.00102228740694286	0.0356221947708635
"CELF2"	-0.633621245634773	6.63934069259588	12.7215013211924	0.00102699664245761	0.0357327185089818
"KCTD10"	0.451963917399235	5.4685603580661	12.1017097377165	0.00103281443633069	0.0358814247073212
"SPOCD1"	1.54368504367946	2.88945003315573	12.1181844319824	0.00104564869167263	0.0362370728495328
"PDGFA"	0.866736212241426	5.2742469672851	13.017697797703	0.00104616968772208	0.0362370728495328
"H1-10"	-0.378955049346848	8.44421196284862	12.0595995819937	0.00105185044481861	0.036336550072253
"SH2B3"	-0.436427350795943	7.08907911920027	12.0589029971313	0.00105216841057681	0.036336550072253
"ABTB1"	-0.487643487737882	6.64911602075977	12.0549335388793	0.00105398224729454	0.0363451860409789
"LRP1"	0.858383107846672	12.0087915366513	13.7898065182983	0.00105751272778072	0.0363778972309647
"RABAC1"	0.559831069472068	6.01188744653398	12.046033097534	0.00105806120506549	0.0363778972309647
"UBTD1"	0.764743610395935	4.70214851721619	12.0937651304164	0.00106943324469394	0.0367145752927274
"ENPEP"	0.739310539384158	3.98740029995047	12.0178523519036	0.00107108550727086	0.0367170639527867
"KIAA0040"	0.487821336448421	6.26186013729037	12.0066358560836	0.00107631606978804	0.0368420295935398
"ENSG00000225213"	-3.31209500675981	0.129430266774243	12.347907243655	0.00108005110971318	0.0369155116058144
"TENM4"	0.880513597062254	5.89836227746417	13.2827086417828	0.00108947692422121	0.0371829995194559
"ARHGEF37"	-0.832645636535015	4.07955128000947	11.9617622207964	0.00109751107891522	0.037402276387313
"MFSD2B"	-1.51754740995657	4.31084670495451	13.2827268227378	0.00110219753978409	0.0375069915368402
"EPS8L2"	1.43754224963536	4.62242373950912	13.5413019729152	0.00110609743045024	0.0375259156972558
"PCF11"	-0.427900332388959	6.23884874122723	11.9432156637782	0.00110639841099163	0.0375259156972558
"SELENBP1"	-0.463533033028298	7.14780425282682	11.9407255595716	0.00110759737407785	0.0375259156972558
"MID1"	1.5099606861905	2.80245402001304	11.9355503451214	0.00111009355063928	0.0375489470770408
"FAM193B"	-0.433629599610577	6.86470836099715	11.9316834017154	0.00111196255207971	0.0375489470770408
"KCNMA1"	1.02202500351945	5.56699433656944	13.4204468890622	0.00111312385061876	0.0375489470770408
"CA9"	2.23445346870229	4.46276373458767	13.9659185071308	0.00111485387517374	0.0375528025605623
"PNMA1"	0.575810697365222	5.06362654433461	11.9053157481774	0.00112479498487181	0.0378328292885536
"SERPING1"	0.845440410872926	7.84727252393603	13.4686739038172	0.00112769708601018	0.0378756295853303
"MGAT3"	-0.706215667876079	4.94432049133576	11.913062662455	0.00113415145664517	0.038037443225609
"GNA11"	0.476455035954238	6.5667471167851	11.8715048397029	0.00114147730104507	0.0381813414411318
"PTPN14"	1.01567040083069	6.75450764080659	13.5208949251184	0.00114172757514786	0.0381813414411318
"MARCHF7"	-0.641012027497885	4.18609515336311	11.8664800523452	0.00114397857497258	0.0381855374068804
"MAP3K11"	-0.377423137554027	7.89723389597127	11.8629225139491	0.00114575294345433	0.0381855374068804
"PLEKHM1P1"	-0.47839707917365	7.15405881768406	11.8608621241188	0.00114678190818357	0.0381855374068804
"SGCB"	1.27005254613714	3.53008002579288	12.20990704442	0.00115121966183275	0.0382244087919592
"KLF2"	-0.391680269976536	8.98174561838013	11.8519605125785	0.00115123854033093	0.0382244087919592
"ADAP1"	-0.862418614678589	4.10746017754032	11.8458905671707	0.0011542878901419	0.0382709830851326
"DCHS1"	0.958177809469032	8.38039586399061	13.489375336069	0.00116533289134455	0.0385500316372588
"SLC25A39"	-0.541763575667697	7.61460952582598	12.1875691566956	0.00116602152314745	0.0385500316372588
"FOXC2"	1.233348149155	5.7449172847769	13.4754668815684	0.00116910147593558	0.0385969552609301
"PARVA"	1.04683852189778	5.7668574203426	13.3612546256417	0.00117465103237347	0.0386813225800013
"PLCE1"	1.53757554695237	2.54878948461826	11.8051293705437	0.00117498553228986	0.0386813225800013
"IRF5"	-0.638455816940089	5.17974947665871	11.8014167520771	0.0011768899456007	0.0386892165709355
"PART1"	2.4576128477595	1.5863175024041	11.9057075241124	0.0011832387577715	0.0387572789697373
"ONECUT1"	3.31725902899545	0.0325003534264069	12.2638988706545	0.00118438870468442	0.0387572789697373
"IGFBP7"	0.694846127655654	8.73601774016112	13.0714821489694	0.00118658328826312	0.0387572789697373
"DNAJA4"	-0.46338918483817	6.96299432799593	11.7813922649902	0.00118721756733943	0.0387572789697373
"RPRD1B"	-0.573242707006988	4.70722648908251	11.7812368209483	0.00118729810801364	0.0387572789697373
"SNN"	-0.519212251689066	5.64883089182485	11.7754212658017	0.0011903154566516	0.0388012788828844
"C4orf48"	0.938074670551814	3.8478662083123	11.7449703569067	0.00120624637155777	0.0392655156411003
"CILP"	1.86950472572918	11.3588831906383	13.4096901458269	0.00120969943843882	0.0392836992230953
"ENSG00000273151"	-1.10943827182135	3.35968626447359	11.7375061752874	0.00121018538179744	0.0392836992230953
"ARAP1"	-0.42931968784303	8.41280776691355	11.7320945938669	0.00121304961865611	0.0393217562577481
"P3H1"	0.524047785624312	6.00429981197951	11.7009075969821	0.0012296952839298	0.0398058186477666
"FAT1"	1.21020636487219	6.4868865934785	13.3376859102151	0.00123602967185233	0.0399296882073678
"CREB3L2"	0.390857512955835	6.81766100851267	11.687438875954	0.00123695789989264	0.0399296882073678
"MICAL1"	-0.528470145657376	7.67311360878661	11.9943759527532	0.00124399221173013	0.0399474616454068
"TSPOAP1"	-0.489279869066779	6.69833772939101	11.6733334063287	0.001244612076505	0.0399474616454068
"ADCY5"	0.960817260285498	4.16884625277065	11.8905990918986	0.00124759552840388	0.0399474616454068
"CRABP2"	1.44727599587942	3.56552851497434	12.3483844551297	0.0012476074419692	0.0399474616454068
"PIK3CG"	-0.60530233323445	5.39535211576057	11.6659454028526	0.00124864088870854	0.0399474616454068
"MAN1A1"	-0.347520987097308	7.35473078164991	11.6638573034376	0.00124978204300894	0.0399474616454068
"CLK3"	-0.456678210256156	6.63796109855618	11.6614505071866	0.00125109872256012	0.0399474616454068
"KCNAB2"	-0.536712936971369	7.75980917782859	12.0413704697171	0.00125160627430973	0.0399474616454068
"HAGLROS"	3.32211756897611	-0.260008081667294	12.0773168740862	0.00125297734874372	0.0399474616454068
"SH3BGRL3"	0.399018806685314	7.559982344463	11.6375152734746	0.00126427230954949	0.0402523520802045
"GDF5"	2.40439622238766	3.42368893015559	13.2479254857422	0.00128094278966403	0.0407273219115889
"ZC3H3"	-0.470523822376351	6.39982856982085	11.6040062637158	0.00128295991213387	0.0407357298877258
"SLC5A3"	0.917037272795299	3.72222546929968	11.5889957271913	0.00129142480975922	0.0408908465129417
"MPEG1"	-0.519722170680652	5.90465201027754	11.5882543471502	0.0012918444106638	0.0408908465129417
"MT2A"	0.957511103201762	9.56713009305662	13.204065431938	0.00129312331929318	0.0408908465129417
"BARX1"	1.64438594572364	4.60476764430274	13.170253795699	0.00129854078665422	0.0410063654394257
"PCDHGC3"	1.23563731280032	6.07411392566123	13.1734591369114	0.00130607905854953	0.0411354495198556
"INPP5D"	-0.605580490598292	7.50096835440499	12.2725434803314	0.00130779794083234	0.0411354495198556
"RNF123"	-0.561472043298232	6.889728131846	11.8746846245079	0.00130882911867124	0.0411354495198556
"WDFY4"	-0.548575011640033	6.91738249798151	11.8391592286771	0.00130970797025614	0.0411354495198556
"CLSTN1"	0.465868890566324	7.68635540674836	11.5483227710416	0.00131465707159856	0.0412351682295463
"SOD3"	1.57719589964932	7.79580636250167	13.1590951015611	0.00131853296779433	0.041266129416727
"ERFE"	0.839397807946891	4.29752000838816	11.5666904444563	0.00131919517066639	0.041266129416727
"COX7A1"	1.13376276274714	3.79179724261314	11.833424389256	0.001321028708351	0.0412674363570868
"RSPH3"	0.868128786245516	3.44367939901817	11.5315216262189	0.0013243813174291	0.0412674363570868
"XPO6"	-0.422322884821648	6.86948285218887	11.5312078976066	0.0013245636142495	0.0412674363570868
"MATN4"	2.19269049349298	3.13140424179334	12.6171533174388	0.00133141599029457	0.041425395510611
"RFLNA"	1.44276090614558	2.83520759218484	11.5157505977052	0.00133357797015068	0.0414371914201098
"ARMC9"	0.803912896164339	4.15930170538022	11.5093737233159	0.00133731553984793	0.0414654892039504
"GOLGA2"	0.394624773195432	6.52172869016775	11.5081111832055	0.00133805683258596	0.0414654892039504
"NDN"	0.886991950430913	4.94629788744838	12.2891672621077	0.00134218362778741	0.0414908434029053
"AKAP8L"	-0.436734030733868	7.0549374368999	11.500651866582	0.00134244532479928	0.0414908434029053
"ZCCHC14"	0.514121566176155	6.46423166810878	11.4900258567177	0.00134872293208672	0.0416088669620637
"SCG2"	3.36854699841082	-0.059554631925112	11.8960429651628	0.00134984449227244	0.0416088669620637
"FAM30A"	-0.846744172779453	4.70589164823325	11.8381004732362	0.00135615257484975	0.0417479445624607
"GFPT2"	1.44156617780487	6.05209442955435	13.0675050464794	0.00135985699409606	0.0418066088052652
"NAPRT"	-0.507848750757364	6.46201947892831	11.4628510635518	0.00136491758398908	0.0418563700501253
"SELENOO"	-0.541381693186227	5.45443240986606	11.462584609097	0.00136507738137832	0.0418563700501253
"MAP6"	1.83497554425435	1.66773716668011	11.4533294076649	0.00137064007752691	0.0419715634807384
"CPEB4"	-0.422653733214964	5.98512167625713	11.4441122596888	0.00137620352573194	0.0420864767698181
"THNSL2"	0.975102779341639	3.66210985597451	11.423070131794	0.00138899341111551	0.0423310270158186
"TWSG1"	0.939837325149445	3.6524487365837	11.4228711477035	0.00138911495127345	0.0423310270158186
"CD79A"	-0.668885259357948	4.81104646658364	11.4219722731801	0.00138966412585275	0.0423310270158186
"SETD7"	0.578876034370001	5.49459960546133	11.4022717741179	0.00140175764382936	0.0426394914516982
"C15orf39"	-0.466000615339531	7.43179559349469	11.3995133725747	0.00140345972638108	0.0426394914516982
"MLPH"	1.39708118591381	3.20410738087208	11.6582342099832	0.00140805506742923	0.0427156896038748
"ZNF367"	-1.04982493576156	3.76530260264689	11.3848501896372	0.00141254414999811	0.0427156896038748
"CLIC6"	1.64766231910237	2.60986626587064	11.4465660931421	0.00141528475152126	0.0427156896038748
"RBM33"	-0.374513578529342	6.92745217262564	11.3786242612824	0.00141641998686788	0.0427156896038748
"TSHZ3"	0.60694461291836	4.51742465226487	11.378326970965	0.00141660533818093	0.0427156896038748
"DST"	0.875184749585212	6.70724045861273	12.7791989978917	0.00141766315569953	0.0427156896038748
"AOC3"	0.593171068952409	6.63741816684601	11.8341037490805	0.00142038714978662	0.0427156896038748
"FLCN"	-0.476850059618439	6.70471594583145	11.367294668414	0.00142350165181271	0.0427156896038748
"ECMXP"	2.61725203803742	1.80752379007739	11.7186520452388	0.00142526306486691	0.0427156896038748
"TSC22D4"	-0.39825667414821	6.7707897878979	11.3642515026349	0.00142541012840739	0.0427156896038748
"GEM"	0.861908174570776	6.54361321531972	12.7265285237397	0.00142618428416689	0.0427156896038748
"LINC00632"	1.34920321826859	3.05954538569454	11.364159472007	0.00142826971613937	0.0427230949067069
"SLC35C1"	0.542162014639093	4.87423900556393	11.3426632416986	0.00143902614856077	0.0429686183577049
"CYBRD1"	0.453755552576417	5.86570822997176	11.3408511097178	0.00144017527324034	0.0429686183577049
"CRABP1"	1.97696957363123	1.99164037422587	11.3472753460021	0.00145220876975967	0.0432720977266079
"TLCD4"	-1.17324550272323	4.30356055891767	12.120244044491	0.00145715351363494	0.0433638437437941
"MVP"	0.352373133667063	7.41493545741452	11.3012792746014	0.00146551030874743	0.0435567654679129
"PAPSS1"	0.629090950559688	4.49950236983934	11.2919402673007	0.00147155729996557	0.0436806318848018
"LAMB2"	1.0028309455761	9.34524011801898	12.8257243175466	0.00147706980184624	0.0437685080208672
"RASSF5"	-0.516825835969335	6.46140816636424	11.2850443280649	0.00147828408899324	0.0437685080208672
"RBFOX2"	0.98044385596222	5.62817537764983	12.6190793433078	0.00148624835952585	0.0438955708022269
"LIMD2"	-0.536428062491375	6.50698740763893	11.4001799784065	0.00148635290514381	0.0438955708022269
"P2RY8"	-0.613021060623512	6.26706178163732	11.6667589130148	0.00149249616454966	0.0440210607315524
"KIAA1549L"	2.30264241586704	1.76336689428064	11.3291162015575	0.00149855897422108	0.0440494485067989
"HSF1"	-0.372115680836967	7.02702237589803	11.2461982141703	0.00150155543986424	0.0440494485067989
"TACC2"	0.848541898467528	5.48549931170123	12.2587536723971	0.0015022471828523	0.0440494485067989
"S100A6"	0.486373373380669	8.90432613252889	11.558733849556	0.00150288811399834	0.0440494485067989
"SLC4A3"	1.16778455346354	2.79014166724315	11.2441178974719	0.00150293488795678	0.0440494485067989
"MMP19"	0.463844268381381	6.78738923053953	11.2237025698416	0.00151654292444602	0.0443923056045018
"CYB5R3"	0.390341957190877	8.12458367320184	11.2154608609611	0.00152207307233056	0.0444570182643416
"DIAPH1"	-0.426926730649176	7.26791450162587	11.2112246130479	0.00152492380001546	0.0444570182643416
"BAZ2A"	-0.352038972468489	7.47424256450759	11.2091598983118	0.00152631525197641	0.0444570182643416
"CCL3L1"	-0.552760951499336	6.76010820010771	11.4893086449952	0.00152640480917927	0.0444570182643416
"RASAL2"	0.602714323392592	5.30854665574237	11.1952547196471	0.00153572097559824	0.0446723741112067
"ITGA10"	1.16941211338488	6.94824498535987	12.71031900554	0.00153810655325003	0.0446782869330618
"SEC14L4"	-1.56127032154608	3.77273665533815	12.1750895851276	0.00153976885953801	0.0446782869330618
"SNED1"	1.11142967984998	7.97596841641468	12.70404083203	0.00154219836770488	0.0446929856137117
"CDON"	1.80439612227207	6.03747006994567	12.7033915549994	0.00154485878328986	0.0447143310600534
"TMPO"	-0.613045131397853	6.30979461726369	11.5916425564062	0.00155381089293753	0.0449175034498184
"STC2"	1.70677732647263	2.99872899839706	11.7067323623537	0.0015576143243644	0.044971518170034
"SLC1A1"	2.20089910796893	2.45604358593478	11.7770304618008	0.00156117650111372	0.0450184419837283
"ENSG00000269318"	-0.940045831083582	3.68677433876541	11.1500498225613	0.00156672072860126	0.0451223335491333
"ADCY7"	-0.419169749600177	7.03050680243309	11.143139761291	0.00157151690709356	0.0451661728228048
"TET2"	-0.548193604638467	5.2228999159708	11.1404593238318	0.00157338150510942	0.0451661728228048
"NTN1"	1.68884184444474	6.28906640403492	12.6488693443814	0.00157464936979757	0.0451661728228048
"TEAD4"	1.02579529116983	3.86023431912643	11.2497436155512	0.00157601609841213	0.0451661728228048
"CD248"	1.084306364046	6.26333938342189	12.6101967645424	0.00157869460220662	0.0451872166804018
"TLR1"	-3.36618668741474	0.348672033017339	11.2887267903228	0.00158473554819926	0.0453043340851749
"VAV1"	-0.767479697689086	6.09996856885313	12.054826278272	0.00159182300904146	0.0454510446881348
"GPC4"	1.01635854043503	3.76656404213711	11.124630187722	0.00159849182336388	0.0455854563909487
"BRD3OS"	0.89346878249801	3.85139975405884	11.0885740939118	0.0016099354237058	0.0458358249682514
"PLXNC1"	-0.668061999353759	5.95437313305627	11.601518281079	0.00161121542892442	0.0458358249682514
"COL2A1"	1.86084154862875	12.2003900057304	12.5693390040462	0.00161936664153498	0.0458731614860434
"BMPER"	1.12508866536665	3.35572136044621	11.0747247099351	0.00161984238346882	0.0458731614860434
"CGREF1"	1.04536780394241	3.61342238608928	11.0743881839762	0.00162008390684924	0.0458731614860434
"CPT1A"	-0.461656037370919	6.63147638358412	11.0739161450002	0.00162042275105592	0.0458731614860434
"S100A1"	1.94145305899553	4.98437740482041	12.8346479842198	0.00162642345448872	0.0459870242448015
"RAB3IL1"	-0.458519914308391	5.89980723438561	11.0622304197024	0.00162883487058238	0.0459992467339924
"PIGQ"	-0.685047139334533	7.15302564970889	11.997360739299	0.00163902937159231	0.0461825118905574
"RPS2P36"	-1.70808857272882	2.47976313811263	11.1235669782732	0.00163929835253893	0.0461825118905574
"KCNK5"	-0.660394538562343	4.53651783055499	11.0257987062724	0.00165535600545094	0.0465056641537382
"TLCD3A"	1.11574961736122	3.27950660731856	11.0246307349944	0.00165621370880644	0.0465056641537382
"DLGAP4"	0.424259205038637	6.93902449119435	11.0238711141086	0.00165677178897234	0.0465056641537382
"LYL1"	-0.71040112201039	6.038438299664	11.73955233502	0.00166613072899857	0.0467119546482324
"TFDP2"	-0.427665080119768	5.74119428513744	11.0004963004399	0.00167404164859951	0.0468771999960842
"PLAAT1"	3.04040040599432	-0.315572773638102	11.3311081402934	0.00167740272978053	0.0469147945193251
"PABPC1"	-0.350038798940092	8.92543281244246	10.9926733106799	0.00167986355040019	0.0469271498057707
"NEO1"	0.577617776086195	5.03968703182	10.9868942117237	0.00168417801969729	0.0469911951186128
"BMP6"	0.61393476564331	5.9182302569109	11.2954111680166	0.00169390745269919	0.0471954109847576
"ITGAV"	0.602527522430942	6.11180229253467	11.3225796470736	0.00169555839309322	0.0471954109847576
"PLXNB2"	0.380085391278779	8.50779538443358	10.9649518414669	0.00170066556945557	0.0472809439776152
"ASAP2"	0.773458302577439	5.37457036022969	11.6484368763512	0.001712208824269	0.047544991031852
"HUNK"	2.07300299922219	1.7156867027721	10.9359246633721	0.00172273727150695	0.0477366574683363
"PELI2"	-0.594722997120461	4.73917800453515	10.9352955078138	0.0017232189835614	0.0477366574683363
"KCNE3"	-0.973359074093213	3.39205061743181	10.9310445324599	0.00172647744229246	0.0477699865640015
"ANP32B"	-0.502429462733845	6.1749068433379	10.9248178508081	0.00173126199441724	0.0477778153208031
"KDM4B"	-0.36266228310906	7.61681100919524	10.9219484293562	0.00173347152473348	0.0477778153208031
"RTL8C"	0.515253140473055	5.58857046176597	10.9219282498778	0.0017334870739375	0.0477778153208031
"TENM2"	1.09814081622164	3.51163725927392	10.9166507312313	0.00173755866973093	0.0477778153208031
"PARVG"	-0.56857325160954	6.8909093706119	11.3379638619838	0.00173838566639021	0.0477778153208031
"ITGA4"	-0.597164497800282	5.35688174092703	10.9146635343012	0.00173909438780653	0.0477778153208031
"ITM2C"	0.41865206178462	7.07719693642141	10.892373221215	0.0017564183887323	0.0481967841687322
"USP4"	-0.459455850595551	6.02182073486946	10.8868824519109	0.00176071354018007	0.0482576699302656
"C11orf24"	0.569518057970449	4.88137167522081	10.8837510154828	0.00176316803836055	0.0482680230242355
"WWC1"	1.30938799604998	2.73831448757157	10.8742186210087	0.00177066189147336	0.0484161455077929
"TMEM176A"	0.852568716756021	4.74377121994256	11.3788015317267	0.00177606349678658	0.0485067776642935
"ANKRD13D"	-0.529048134988252	7.06540194368696	11.1219074489239	0.00177827943557953	0.0485102941804453
"MEI1"	-0.812818273588312	4.03480848743798	10.8590750773037	0.00178263572405968	0.0485721213348126
"MALL"	1.83704225826143	1.91583470462571	10.8525247020485	0.00178784132947497	0.0486569182431585
"SPAG5"	-0.679227768871427	4.81514992953975	10.8432412496029	0.00179524625958898	0.048801302415634
"METRN"	0.848878186808636	4.13736060240877	10.8391543094496	0.00179851639682311	0.0488134509711563
"EPYC"	3.08529807639278	0.819488107781014	11.2890557277463	0.00179998055315254	0.0488134509711563
"TANGO2"	-0.606574056791452	6.7678695750552	11.3928588803885	0.00180199384447346	0.0488134509711563
"FERMT3"	-0.632432587133302	7.3250675343261	11.6272596156151	0.00180501176858557	0.0488382811705073
"SDF4"	0.354355299189731	7.86379219157515	10.8210133922764	0.00181310735855663	0.0489493076346971
"PLCXD1"	-0.535327516516669	5.81786072471847	10.8207410720588	0.00181332733299519	0.0489493076346971
"GLIS2"	0.965943934304045	5.67257985556807	12.0751456125677	0.00181694840121607	0.0489775142884789
"SDC1"	0.48979772159598	6.1633086859338	10.8142403268909	0.00181858681830123	0.0489775142884789
"SEPTIN11"	0.517679718689085	5.17993829291959	10.8077745027435	0.00182383393231411	0.0490619771468109
"AGAP2"	-0.770062098913403	5.78958498870562	11.6216783039767	0.00184272215585431	0.0494896685432688
"BTG2"	-0.346692688647212	8.76521830621369	10.7831152164453	0.00184399160822953	0.0494896685432688
"TSPAN2"	1.38927667626493	2.61642478469324	10.7678961233658	0.00185654898169119	0.0497692173384852
"KRT13"	-2.11943477851898	1.96669902921255	11.0151617147169	0.00185882300204285	0.0497727698311982
