"genes"	"logFC"	"logCPM"	"F"	"PValue"	"FDR"
"LRRC8E"	4.57738770613561	1.25394688335844	40.1604967438119	6.86307295084911e-08	0.00166093228483499
"CLCF1"	1.08136150914278	4.39393148784824	30.5852727932728	1.14214824451769e-06	0.00696604111372741
"FN1"	3.2225315543212	13.3349734054785	34.2503282157318	1.29590674657029e-06	0.00696604111372741
"ALAD"	-0.803694950019919	7.20070452199242	30.1745870102195	1.30320357245484e-06	0.00696604111372741
"COL6A3"	2.13905750346022	10.4282506790757	33.4067489250003	1.58488417687267e-06	0.00696604111372741
"IGFBP1"	5.25171551449963	0.859573577042182	30.7818901789625	1.72704626595448e-06	0.00696604111372741
"MAGED1"	0.84512076492477	6.69004563217352	28.7507845082716	2.07057680379814e-06	0.00715857560410267
"SULF2"	0.905003521475292	6.66343473193881	27.5018061174384	3.13130220625299e-06	0.00825626351888826
"MGP"	2.05612032902469	7.31604382799879	30.7687445103128	3.20087686004015e-06	0.00825626351888826
"CEMIP"	1.01000872356758	5.31184438630852	27.1235336323777	3.55424069612752e-06	0.00825626351888826
"TIMP1"	1.17984164479691	7.73299309425514	28.4720202374763	4.18824973454066e-06	0.00825626351888826
"STMN2"	3.81458844902056	2.0811952091257	27.2079596903081	4.33868485877407e-06	0.00825626351888826
"ECM1"	1.99015150977643	4.59980975185334	29.0690730376292	4.4349996176004e-06	0.00825626351888826
"GFPT2"	1.69711833648817	4.978470744959	28.2274565457806	5.39251049786647e-06	0.00861700367223946
"TRPS1"	0.88768238214161	5.65537616257972	25.7002988862981	5.75993576400312e-06	0.00861700367223946
"BLVRB"	-0.836625683316005	8.16817532905718	25.681749658141	5.79666935045216e-06	0.00861700367223946
"COL3A1"	2.27744943703538	12.7060736886818	28.432916303707	6.17333392496523e-06	0.00861700367223946
"GLIS3"	1.46523694261505	5.7450451511036	27.6191143453136	6.40907673651131e-06	0.00861700367223946
"CRLF1"	3.97535046696889	6.05799964319498	28.0919306768384	6.82592718503786e-06	0.00869443493711059
"FGFRL1"	0.818616782439857	6.42909015701422	24.5905167309337	8.45108175600564e-06	0.00943627191310796
"HTRA1"	2.47381236929255	8.48143873681754	27.2908088929399	8.56922756452783e-06	0.00943627191310796
"FKBP10"	1.70801556089026	6.7252641233427	26.7429905639123	9.62201956690154e-06	0.00943627191310796
"CSMD2"	2.59531441305466	3.1930826185723	25.904684375754	9.69051533160025e-06	0.00943627191310796
"CERCAM"	1.19211198434306	6.39490176002445	25.7854525757724	9.72169194823861e-06	0.00943627191310796
"GDF6"	5.40877807498322	1.60189303446817	26.2405289492128	1.00656162700112e-05	0.00943627191310796
"COL6A2"	1.57829826197272	10.5913842368187	26.4773178050382	1.04516298391109e-05	0.00943627191310796
"UGDH"	0.974927603923979	4.43853439063933	23.9363570448487	1.06249874591256e-05	0.00943627191310796
"CHI3L2"	2.19941300963047	7.22519500157234	26.4435903952899	1.09175494222149e-05	0.00943627191310796
"AEBP1"	1.598687640093	8.75393650381478	26.1813652527536	1.1347305383494e-05	0.00946952198572202
"COL5A2"	1.85577734386765	9.10001214583306	25.8837326028219	1.27222713617439e-05	0.0101286145131737
"AOC2"	1.23782827792964	4.10010716611862	23.370695601689	1.29741353625216e-05	0.0101286145131737
"SLC38A3"	2.54899179426583	2.32543238906971	23.3213430405724	1.37057198519898e-05	0.0103653789418127
"FMOD"	2.31624665188899	9.08697078874366	25.4632055045061	1.46151259973549e-05	0.0107182019473329
"ENSG00000280073"	4.45282103063034	0.16097114993001	23.3688216296332	1.63902833487623e-05	0.0113557656637988
"TNFRSF12A"	1.11074471191631	4.61058617783781	22.6182942339779	1.696754344019e-05	0.0113557656637988
"COL6A1"	1.60290372415215	10.2091572270499	24.7411674845022	1.7704306464315e-05	0.0113557656637988
"KIAA1755"	2.01322208842967	4.45330390423847	24.5317439915941	1.77280275181921e-05	0.0113557656637988
"RASL12"	1.51103140520533	3.13327060019083	22.408669936127	1.82947516019309e-05	0.0113557656637988
"NT5E"	1.44028622939419	4.24554568963959	23.1985234584218	1.84396372125041e-05	0.0113557656637988
"COL5A1"	1.84899031475146	9.937924168554	24.5955145547862	1.87690850192947e-05	0.0113557656637988
"NSD2"	-0.670953057446515	7.53582055793133	22.1020439235652	2.04342775763075e-05	0.0119665496258652
"COL15A1"	1.44233482379701	8.1460746660648	24.1135679473155	2.07675337501069e-05	0.0119665496258652
"MCM7"	-0.634676036390099	7.66127008339599	21.5573817529265	2.49025820937481e-05	0.0140155206802511
"GEM"	1.0783055628135	6.45243350959924	22.5429299221681	2.69974146087501e-05	0.0142212460922253
"PRELP"	2.12517511349136	8.9176143955165	23.4330090760011	2.70010325390138e-05	0.0142212460922253
"ENSG00000255301"	-3.68542077924004	-0.36487107618505	22.1513457007648	2.70310036875485e-05	0.0142212460922253
"HTRA3"	1.03711251422977	5.2441611174097	21.6241981077116	2.8303108910518e-05	0.0145736923136903
"TNFRSF11B"	3.30799943258191	4.48732267288558	23.0795158696579	3.00967754856387e-05	0.0151744179901655
"HAGH"	-0.646380867091545	6.21151619275363	20.785481772079	3.30539287717952e-05	0.0163123221511046
"UROD"	-0.729202457544589	7.41714634810522	20.7258334823445	3.37900530435483e-05	0.0163123221511046
"COL27A1"	1.63567313924176	5.77888173856587	22.5087088558069	3.4375787352024e-05	0.0163123221511046
"SLC39A14"	1.41882897896421	6.94337279287611	22.3895861283505	3.58091856306612e-05	0.0165270759360346
"MXRA5"	1.38830174428552	7.60623972084816	22.2401244149616	3.70579908610804e-05	0.0165270759360346
"GOLM1"	1.03181664228534	5.08872501762064	20.7910353539353	3.73216170875148e-05	0.0165270759360346
"GPRC5A"	0.989690342218573	5.2362599644908	20.7504171437948	3.75599841527995e-05	0.0165270759360346
"AHNAK2"	2.01428227273565	5.39072791935029	22.2435775875322	3.86846812008428e-05	0.0167179994596714
"PRDX2"	-0.717077226247416	8.39227539762149	20.0408162618532	4.35814837463938e-05	0.0185037804937978
"FAM117A"	-0.748741979980817	7.25799649510219	19.8749342346918	4.63711193144626e-05	0.0193487492849881
"MN1"	0.747542257090428	5.32035179709184	19.8056272254039	4.75912583063088e-05	0.0195212888520505
"RILP"	-0.726748163662066	5.51879369457543	19.6458872395486	5.05327757703513e-05	0.0203823951069712
"TOX3"	3.86548742218852	0.533651557693768	19.8813842185666	5.2051558254951e-05	0.0206508157594766
"HHIPL1"	1.37496031325486	4.38045978825418	20.3271170995994	5.39465518642189e-05	0.0210574274462252
"HMCN1"	2.00527033299222	3.9562292680594	20.4499184544028	6.25394835719214e-05	0.0240240959035567
"PLOD1"	0.698053078912323	6.67223063181117	18.9785128515078	6.5032614754144e-05	0.0245914735885162
"CHPF"	1.00096816798441	6.1468603832917	19.6744561357809	6.89237491475645e-05	0.0256619023556955
"CRTAC1"	3.10352206580228	8.18286392515416	20.2898094406375	7.3484739075555e-05	0.0265719530125137
"APCDD1L"	3.01120641100552	3.7940102469653	20.2221082906523	7.35639375165662e-05	0.0265719530125137
"EDIL3"	1.86664589205507	4.53384039216694	20.0528792972356	7.54915526497043e-05	0.0268672215540514
"CD109"	1.14119087906309	4.58900304153039	18.939998099456	7.85111685497553e-05	0.0275369389865598
"CPXM1"	1.16873894183166	5.15966219581079	19.1151354448558	8.26801760818038e-05	0.0285848991622248
"PAM"	0.745002275557075	5.98389297505729	18.2506550597349	8.59036457689783e-05	0.0290807007512636
"MYL4"	-1.44656270373092	5.29146344922212	19.5742900640036	8.65175180402041e-05	0.0290807007512636
"GAS1"	1.7077833843457	6.18483738910986	19.7033599844895	8.80498016155039e-05	0.0291903184780385
"IGFBP6"	1.69105822363671	4.82275558516278	19.4574955855108	9.24475022067258e-05	0.0298659261409789
"ADAMTS6"	3.69609959466027	2.29127993050651	19.2145219072077	9.33969619010048e-05	0.0298659261409789
"KAZALD1"	1.32809818299283	3.1299667573305	17.9989445624197	9.46588240637846e-05	0.0298659261409789
"KIF22"	-0.8344855468706	6.85422895819849	18.4365993080301	9.50240201998005e-05	0.0298659261409789
"RCN3"	0.889290004914671	6.08381935835598	18.3675381260164	9.65806444533572e-05	0.0299660022617397
"PKLR"	-1.48768648565641	5.26640423863137	19.2349924540114	9.79571603171024e-05	0.0300083700865088
"PTPRD"	1.18712819061085	4.42614764380931	18.2379364339396	0.000101815441223076	0.0302160999195819
"PRSS23"	1.48441593615634	5.78984637719534	19.1550581076652	0.000103387999021661	0.0302160999195819
"BHLHE40"	0.558449396784373	7.71231576031652	17.7380002175753	0.000104724444965995	0.0302160999195819
"DCN"	1.71644279422695	6.97460015055729	19.1771448894556	0.000105647462412305	0.0302160999195819
"CHST14"	0.789351610789972	4.58150176712406	17.6949075112971	0.000106491391540251	0.0302160999195819
"TAL1"	-0.964182951751511	7.09178665639514	18.5125280883708	0.000107787714785235	0.0302160999195819
"ACSS1"	-0.689997551742592	6.17518733704636	17.6520570008248	0.000108279298044152	0.0302160999195819
"NDUFA4L2"	1.74012568302784	6.22341113178344	19.0721205620296	0.000109290766880703	0.0302160999195819
"SMOC1"	1.26198280274745	6.15651617953154	18.8704060631219	0.000110621397612724	0.0302160999195819
"CTNNB1"	0.457522334069299	7.80740920094477	17.5854541355535	0.000111120734384645	0.0302160999195819
"PRRX1"	1.63793710738232	4.75699135817026	18.8065489494949	0.000112566233051151	0.0302336358095646
"CHST6"	2.75118336106885	4.19283975206793	18.9437970927784	0.000114334696309891	0.0302336358095646
"TREM2"	2.60977194015085	2.5817092368576	18.0589021512021	0.000114933039728934	0.0302336358095646
"BGN"	1.50372547654641	9.29988543282732	18.8445185281545	0.000117523081754835	0.0304956497453556
"SMOC2"	2.51549823537438	6.07234896994821	18.8534443377057	0.000118449282098402	0.0304956497453556
"LRRC15"	1.60734970628751	6.22356521589365	18.7084876411456	0.000122303770123046	0.0305384936952048
"SURF4"	0.433576262226269	7.35181587580308	17.3266244334394	0.000122923848251884	0.0305384936952048
"BMP1"	1.0131078151649	6.18338055840409	18.1742423001067	0.000123242140403799	0.0305384936952048
"ABI3BP"	2.27040803880128	4.69678790655143	18.607107039701	0.000127846853932319	0.0305384936952048
"COMP"	3.2764706867547	10.6509624665043	18.6281388368793	0.000127890210635653	0.0305384936952048
"FSTL3"	0.723977198231929	5.1335881010168	17.2190226828115	0.000128209399623935	0.0305384936952048
"TLCD4"	-1.17755163463218	4.98249901529214	18.0401257635583	0.000130402987576419	0.0305384936952048
"CROCCP2"	-0.709699018099027	6.36438234917186	17.1646283007582	0.000130971139455123	0.0305384936952048
"H1-2"	-0.713364187127505	10.09691269343	17.3449428629319	0.000131419330833864	0.0305384936952048
"KIF26A"	-0.831374768530729	6.34401947091911	17.5538443313256	0.000132003527468797	0.0305384936952048
"TANGO2"	-0.697558027246064	7.2239458364848	17.135101251735	0.000132496253791021	0.0305384936952048
"ADGRG2"	2.59342161549772	1.47886477103566	17.0576905479001	0.000139644136392293	0.0318823372153763
"ENSG00000227959"	-3.38400082613251	-0.950446065543129	18.0250292439328	0.000150288189846534	0.0332342635376104
"PPOX"	-0.722455653883837	5.8791340565549	16.793018334308	0.000151580990345099	0.0332342635376104
"ADAM12"	1.63698283539657	4.82688796574637	17.9661346285492	0.000152759074366922	0.0332342635376104
"SLC1A1"	2.86248412565771	1.31307217353202	16.7689590946355	0.000153027058982168	0.0332342635376104
"SNED1"	1.08878761099393	7.43005807298769	17.830483643786	0.000153637458201351	0.0332342635376104
"ITGA5"	0.744488188882013	8.15030246933812	17.0250089591314	0.00015380511202894	0.0332342635376104
"CREB3L1"	1.60679352613268	4.69624572499183	17.7150841328725	0.000162105421330177	0.0347178168284213
"TGFBI"	1.1805762838894	8.59029621665197	17.7048957110484	0.000167926468708094	0.0353652704865118
"INCENP"	-0.778837247192383	5.923671573892	16.6296308576274	0.000168051159288825	0.0353652704865118
"NGEF"	3.28142849012104	3.81158946718158	17.6719031859584	0.000176690067611023	0.0368627269504688
"C20orf27"	-0.622171244016698	5.81486082044246	16.3433602319396	0.000181134967083839	0.0374670712683417
"MRC2"	1.01139179209026	8.78388074114592	17.2041956682925	0.00018702831695669	0.0378709425056148
"TFRC"	-0.756747127689246	6.91020197558949	16.4570079265791	0.000187937385752406	0.0378709425056148
"CPXM2"	1.29164021336252	3.60069539029795	16.2389652159865	0.000188821198843068	0.0378709425056148
"MIR31HG"	4.05432206712535	0.403537239683204	16.6336517024674	0.000190582859961896	0.0378709425056148
"TSPAN17"	-0.573113171909003	6.137390335213	16.1920330689371	0.000192386975755502	0.0378709425056148
"CD276"	1.20621744380149	5.84565037735594	17.2156077682121	0.000192476588909161	0.0378709425056148
"COL1A2"	1.75850112467668	12.6147001828421	17.3129796100859	0.000200649969795315	0.0391607251533582
"TPBG"	1.24852832182449	4.164952966227	16.4105382192115	0.000204796227592803	0.0396501880317873
"IL11"	3.71234711911958	4.60874462335831	17.2051366983286	0.000208735178930567	0.0400920640103067
"C1QTNF8"	3.85828712792081	1.23927975806938	16.6060010659607	0.000210415213609497	0.0400965242879011
"ITGA11"	1.7799926463902	5.27212587519588	17.0881183814256	0.00021464562747967	0.0405831158643398
"SGCD"	2.19838664236906	2.40609886313152	16.0815812262779	0.000217830994112411	0.0408661076629028
"UCP2"	-0.624761359081852	7.50422140723181	15.8380538350327	0.000221655396980909	0.0410318642569025
"RNF123"	-0.622171701388011	7.3495602896731	15.8330000852481	0.000222105459181614	0.0410318642569025
"PLEKHH3"	-0.621580972654739	6.20542536844953	15.7609950226046	0.000228622661368352	0.0419158865740568
"PCOLCE"	1.14473176727146	7.83854685142527	16.7442396981171	0.000233885250724501	0.0425583229532606
"DKK3"	1.91913837751313	4.78440573715811	16.7869583089286	0.000239335968331108	0.0426761412747368
"PTGES"	1.37050689344063	5.01225183098423	16.6380117279574	0.000239418029063276	0.0426761412747368
"FOXC2"	1.23359061948229	4.52701268565912	16.2707660545742	0.000240406481973686	0.0426761412747368
"SULF1"	1.31031892844398	5.42048692214862	16.6349023802728	0.000241586354061358	0.0426761412747368
"H1-0"	-0.567566724880084	7.81021982545864	15.6049098997978	0.000243445759011814	0.0426929769119196
"MIA"	3.75416671232079	1.16362785072365	15.8211588863611	0.000246618293364248	0.0427733665477144
"POSTN"	2.78633424047153	2.58321312450687	16.2985461206327	0.000247439003209785	0.0427733665477144
"COL11A1"	2.15913416199363	7.41665161011876	16.6847815994526	0.000250580563907808	0.0430092214690274
"GALNT2"	0.414204218350426	6.95957746727259	15.5137150478931	0.000252568199758182	0.0430450915658293
"ITGAV"	0.680818824070899	5.87727276855114	15.4948065923394	0.000254503985830305	0.043071685042512
"ETV4"	3.59635847656139	-0.220875904745652	15.5689792862403	0.000262192779950329	0.0440647740804022
"FGFBP2"	2.66205536884613	4.98292254152667	16.4728486722217	0.000270186682217346	0.044889390497638
"DMTN"	-1.08100538121293	7.61079162929363	16.3204852088288	0.000270809099320489	0.044889390497638
"EGFL6"	4.53033980665161	-0.0496918426290781	16.0334033072723	0.000275852831009556	0.045247776295936
"PLA2G2A"	2.72339506371408	5.58087324723611	16.3960246010269	0.000277734801412861	0.045247776295936
"EPOR"	-0.869140156055191	6.50843941398425	15.868537116242	0.000278580168922543	0.045247776295936
"PF4"	-1.52136459159439	6.6703539977533	16.3182823669565	0.000282924090704167	0.0456469727942103
"PIGQ"	-0.763236407370414	7.5316489456537	15.5515046335678	0.000285644260833174	0.0457806407710175
"PPP1R14C"	3.50390671733797	0.990087200430015	15.2265927261808	0.000289012356509677	0.0458823694622585
"CRISPLD2"	0.584681623577083	6.73059184967884	15.1718787392066	0.000290070762684416	0.0458823694622585
"NCAPD2"	-0.667327500281347	6.84729923409992	15.1149618927685	0.000296860178921346	0.0464168530435762
"SERPINE1"	1.39047204609881	7.4118497853021	16.1718188122756	0.000297324859387482	0.0464168530435762
"LINC01839"	-3.10812606630186	-0.405892885250913	15.7904691376155	0.000301988389623211	0.0464168530435762
"CLU"	2.07916068188204	10.7798923635829	16.158219037225	0.00030236150032258	0.0464168530435762
"THBS2"	1.54117226603836	6.72553655585311	16.1087827820401	0.000304957074125276	0.0464168530435762
"SLC43A1"	-0.566691391055627	5.69560586552032	15.0455250106998	0.000305368748390239	0.0464168530435762
"AHSP"	-1.15711274180333	6.91099710185158	15.9988740726649	0.000306875603775555	0.0464168530435762
"DHRS13"	-1.01499396185991	5.41966912448466	15.5943444132519	0.000317810830625908	0.047772297589923
"PRRX2"	1.47569899880265	3.10539956707005	14.9212868065757	0.000323044715865227	0.0482592911645331
"CHPT1"	-0.87430414771749	3.7232964066706	14.8553664891757	0.00033000130266316	0.048845045916073
"SLC7A2"	1.40438642579134	5.54890339820252	15.846592360969	0.000331002335863641	0.048845045916073
"LMNB1"	-0.838387880859527	5.37619906935857	15.0257997952566	0.000339643897570635	0.0495308525936069
"MRGPRF"	1.50800622413816	3.99217744311274	15.4364382828252	0.000341196392218328	0.0495308525936069
"ABCA2"	0.462767663672668	6.91651216199189	14.7695523283249	0.000341789693943736	0.0495308525936069
