"genes"	"logFC"	"logCPM"	"F"	"PValue"	"FDR"
"POU3F4"	-4.42548214726893	-0.564939759077982	41.295265845677	1.74073327786964e-08	0.000439274042670404
"SNORD97"	-4.52488021494022	-0.658642372106058	37.8411285201697	5.2330612261248e-08	0.000471945671505737
"LINC02250"	-4.75559511534897	-0.516870772296119	37.0349763916359	6.80400664287315e-08	0.000471945671505737
"ENSG00000235241"	-4.50685185856502	-0.641361801679987	36.7454174394434	7.48081111956785e-08	0.000471945671505737
"LINC00519"	-3.74222210839715	-0.847542922370229	32.7603600364638	2.84304084699923e-07	0.00143488271548051
"GRB14"	-4.41819738463924	-0.595245821553191	32.0662348641492	3.60882477386445e-07	0.00151781155280782
"COL7A1"	-1.88040738553189	6.19693421700039	30.7071739782238	5.78773542294107e-07	0.00185305697294253
"CALU"	-1.41354080439978	4.6977776526102	30.312565785285	6.64757709295625e-07	0.00185305697294253
"ASCL4"	-4.63472354460321	-0.457480457017216	30.1725418977991	6.98351065655795e-07	0.00185305697294253
"ENSG00000254545"	-4.06482145114654	-0.70466114581209	29.691012266879	8.27874076220948e-07	0.00185305697294253
"ADAMTS14"	-1.72288957000264	4.6370886032015	29.5309736096907	8.76218914987258e-07	0.00185305697294253
"FAM237B"	-3.56543609724293	-0.831652741872067	29.1020776840998	1.02068965831747e-06	0.00185305697294253
"ANK3"	-1.31789511981121	4.72026511424536	28.8559764762563	1.11448648263139e-06	0.00185305697294253
"RPS2P7"	-4.35248982727438	-0.429133149170138	28.7940493822803	1.13946141519451e-06	0.00185305697294253
"MAMDC2-AS1"	-4.0027640127943	-0.784900881814636	28.7204713202695	1.16988798797629e-06	0.00185305697294253
"NR0B1"	-4.55732695093443	-0.516302200675842	28.7085118022152	1.17491228718369e-06	0.00185305697294253
"TAFA1"	-4.30037133044409	-0.579053653079954	28.4208068735135	1.30273797976444e-06	0.00193379958349151
"SNAP25-AS1"	-4.84706475604178	0.283139189759092	28.0327047523478	1.49830469277836e-06	0.00210053994012566
"RASEF"	-4.63619727572358	-0.437927764455496	27.5370101501465	1.79303241579579e-06	0.00219006375073187
"LINC02795"	-4.05634912385811	-0.801008427640805	32.1908565716015	1.85001697884016e-06	0.00219006375073187
"TNP1"	-4.26529447664	-0.7440754072546	31.9939695849477	1.95209087700099e-06	0.00219006375073187
"SBSN"	-3.81467275194768	0.174463844331639	27.1344877446947	2.0761359526032e-06	0.00219006375073187
"ENSG00000228559"	-4.75634739372794	-0.633680441005891	31.6680675920207	2.13434535881835e-06	0.00219006375073187
"LHFPL3-AS1"	-4.26950987269151	-0.602964912550794	27.025068714937	2.16080572481103e-06	0.00219006375073187
"FAM114A1"	-1.49725032174733	4.93495153239432	27.0138718014295	2.16966886341576e-06	0.00219006375073187
"TGFBI"	-1.64930280387381	9.03794552736189	26.6992202766384	2.43471695383863e-06	0.002309810650484
"ENSG00000287326"	-3.99506309322626	-0.866720348382874	31.0332600837728	2.54296108770125e-06	0.002309810650484
"UCP1"	-3.49305686141327	-0.808421939755533	26.5595313636101	2.56289669956616e-06	0.002309810650484
"KRT18P33"	-3.21339562513483	-0.905201908275263	26.4400970769866	2.6780124657275e-06	0.00233033257147012
"ASPDH"	-5.03819212364998	-0.52802963008772	30.3633764457172	3.06510965943658e-06	0.00252951358767716
"ENSG00000276223"	-3.38395524853235	-0.82779377376586	26.037139523236	3.10738740709301e-06	0.00252951358767716
"ENSG00000204876"	-4.19907839803597	-0.749332199504233	30.0971329070571	3.30309992691484e-06	0.00257326140497383
"PCED1CP"	-4.33928104379191	-0.588265376101708	25.8220715493996	3.36507336493507e-06	0.00257326140497383
"MAGED1"	-1.06378167726232	7.08655120477272	25.6232343787368	3.62295989731805e-06	0.00267292840531586
"ENSG00000283258"	-4.67548207066901	-0.411431641230129	25.5221425183989	3.76181887561899e-06	0.00267292840531586
"C1QBPP2"	-4.68395015316627	-0.289469085056492	25.4857290235434	3.81317307673355e-06	0.00267292840531586
"FAM27E3"	3.47453743183571	-0.801825678731588	25.3671080522389	3.9855448182819e-06	0.00268252118769765
"SCG2"	-3.98484215818427	0.0400741603571209	25.331090268755	4.03946126936837e-06	0.00268252118769765
"IL11"	-2.62557051751088	5.24416581249193	25.2159683456387	4.21690067515647e-06	0.00272855098814291
"LINC01684"	2.84104767377581	-0.950918091065736	25.0619146706043	4.46702756366927e-06	0.00281450597362006
"H3C5P"	-5.35530053723639	-0.512619374639687	28.9521118287825	4.57280542573499e-06	0.00281450597362006
"HTRA3"	-1.29708780792825	5.93004335466014	24.9032233213053	4.74075191109122e-06	0.00284840177324731
"ENSG00000233029"	-3.46624789034228	-0.779900150021709	24.5150219404331	5.48587793411198e-06	0.00319553454992959
"ENSG00000258114"	3.2740840691159	-0.904248054095832	27.7822210013895	5.57176620554396e-06	0.00319553454992959
"ENSG00000261482"	-5.22681143250789	-0.547777595891339	28.044694785886	5.94316205953874e-06	0.00333279321272134
"LINC01164"	-4.4065770320623	-0.444811060466128	24.1390477375454	6.32327772899883e-06	0.00341422925281156
"SLC12A5-AS1"	-3.60313666177587	-0.757857334214347	24.0883286202069	6.44595743605093e-06	0.00341422925281156
"ENSG00000274977"	-4.22624643593854	-0.623847467870201	24.0686264664467	6.49427398989319e-06	0.00341422925281156
"ST8SIA2"	-4.07984434549243	-0.338362465216346	23.9623590901475	6.76140887483576e-06	0.00348212557054042
"ENSG00000279628"	-4.15602510938361	-0.521244939594214	23.8511240299717	7.0532189974799e-06	0.00355975962802811
"CPXM1"	-1.57856976790424	5.36443942469018	23.7422606296022	7.35142159484469e-06	0.00363751223423345
"KCNIP1"	3.26845246241873	-0.815169566062188	23.6654905065831	7.56952278380451e-06	0.00367340206633282
"TNNI3"	3.95138604358876	-0.490081475684446	23.4027094157866	8.36805238459644e-06	0.00389319410777727
"ENSG00000269371"	-5.13076646489167	-0.641551462261811	26.799862092763	8.57042086144743e-06	0.00389319410777727
"PYCR1"	-1.05325150035528	5.12068556267231	23.3320103465308	8.5974108358194e-06	0.00389319410777727
"TLK2P2"	4.14609862042788	-0.251405231098275	23.2953788452398	8.71879444399895e-06	0.00389319410777727
"RPL6P9"	3.58258888433766	-0.769944214501553	23.2729998287081	8.79382065160706e-06	0.00389319410777727
"ENSG00000280254"	-4.02608883702471	-0.428271730914054	23.1921469497603	9.07048786615805e-06	0.0039464441603879
"ENSG00000226329"	-2.92992558073509	-0.943546219273777	23.076175842637	9.4831222711583e-06	0.00398866129494411
"INHBA"	-1.6560063837167	6.89652753994678	23.0760333910978	9.4836408835604e-06	0.00398866129494411
"AKR7A2P1"	-4.12483106737277	-0.764708454760279	26.3957354735205	9.66804892382976e-06	0.00399956089496466
"ENSG00000271283"	2.9666239344988	-0.920528790351308	22.9457710498691	9.97036634770709e-06	0.00404329422637555
"CYP4F23P"	-3.10479478844394	-1.04311163580886	26.2517556841462	1.0094215821742e-05	0.00404329422637555
"ENSG00000241870"	-3.75597413562451	-0.766656656522559	22.4530624338883	1.20575102965773e-05	0.00475423863022077
"COL6A3"	-1.88652884696869	11.2090576323294	22.3457935916305	1.25689535046421e-05	0.00487247714242525
"FBXO47"	-3.5588916804106	-0.838652089595215	22.3102042817797	1.27435502833393e-05	0.00487247714242525
"SULF2"	-0.955078463572748	7.37768066585924	22.1101684074378	1.37726510069661e-05	0.0051498843164362
"BTBD16"	-3.49523378943729	-0.293086824609385	22.0907098207966	1.38772392913676e-05	0.0051498843164362
"SCUBE3"	-2.24589877120648	4.58116909268289	21.9708986508784	1.4539563981113e-05	0.00531747676903459
"STMN2"	-3.69086481388663	1.69437582951823	21.7501973168882	1.58465200991781e-05	0.00566124479791646
"ENSG00000286369"	4.28828705667031	-0.774284920824448	24.2656072910804	1.64574738385484e-05	0.00566124479791646
"ENSG00000213280"	4.25869906497773	-0.428341264785161	21.6215663839037	1.66637115789519e-05	0.00566124479791646
"RN7SL470P"	2.90927230613227	-0.870482960817113	21.5914062088227	1.6861548250053e-05	0.00566124479791646
"ENSG00000279753"	4.20707454912851	-0.748513159058788	24.1785153415518	1.6918904603596e-05	0.00566124479791646
"ENSG00000237614"	-3.78351094557889	-0.566108814874775	21.5642223921071	1.70419419946444e-05	0.00566124479791646
"BPIFB4"	-3.47547768652058	1.08962838590323	21.5630278039351	1.70499149848088e-05	0.00566124479791646
"LINC02882"	-3.56547504520078	-0.71024941976005	21.5001406914807	1.74751321901976e-05	0.00572707741324202
"PLOD1"	-0.970666301868009	7.10627756940815	21.3888343922838	1.82548226558639e-05	0.00588160790949315
"SLIT3-AS2"	-3.59995408089644	-0.77153795770934	21.3571389488212	1.84833618163443e-05	0.00588160790949315
"APCDD1L"	-2.51134986031498	4.41106887722941	21.3140039534077	1.8799147548412e-05	0.00588160790949315
"VCAN"	-1.15903878605848	8.20783898860958	21.2875696552002	1.8995421424579e-05	0.00588160790949315
"OPCML-IT1"	-4.50697057497427	0.0157727038756461	21.2573292593438	1.92225560414616e-05	0.00588160790949315
"ENSG00000254076"	-3.97712872405279	-0.588624001937731	21.2103548925948	1.9580963171842e-05	0.00588160790949315
"CASC4P1"	3.59043674688376	-0.805281314912944	21.2008314386396	1.96544641402297e-05	0.00588160790949315
"ENSG00000217455"	3.85635649006747	-0.659049608350984	21.1717637710187	1.98805743854295e-05	0.00588160790949315
"ADCY2"	-1.84754210739196	3.45119001266746	21.1263902369903	2.02389142355466e-05	0.00588160790949315
"NAMPTP1"	3.05071806173546	-0.794216690190039	21.0944178787244	2.04954233984735e-05	0.00588160790949315
"TMED3"	-0.931884571538158	5.5526991793833	21.0925563260609	2.0510461503285e-05	0.00588160790949315
"ANXA2"	-0.818758706758556	6.8203072667612	21.0114255373106	2.11770653532271e-05	0.00600453083358075
"ENSG00000250189"	2.99673122291411	-0.993243763994746	23.3580954984294	2.19989316544015e-05	0.00616825600332023
"ENSG00000232337"	-4.09162039690033	-0.269328276892241	20.74250606709	2.35513413821548e-05	0.006530968129436
"ENSG00000232759"	-2.97286845193559	-0.859931738966287	20.6951824163743	2.39968520335979e-05	0.00653716618256387
"LBP"	-1.98516812704719	4.65463165400732	20.6852146971915	2.40917953231004e-05	0.00653716618256387
"FOLH1"	-3.36442146582165	-0.615377938437987	20.5830942349013	2.50871741010506e-05	0.00656616470695422
"ESPNP"	-3.71737490090189	0.809155578519976	20.57429581307	2.51748996396793e-05	0.00656616470695422
"SUGCT-AS1"	-3.06924795228399	-0.847023067390791	20.5520627885259	2.53979927076077e-05	0.00656616470695422
"BCAT1"	-1.17637886732739	4.77303894645454	20.5322870663297	2.5598146373718e-05	0.00656616470695422
"ENSG00000234471"	3.45978219707045	-0.937559276761243	22.8774232325906	2.57028455901866e-05	0.00656616470695422
"HOXC10"	-1.74944294358699	2.91861871987292	20.5076072353477	2.58502257493407e-05	0.00656616470695422
"ENSG00000259683"	-3.49691375054141	-0.619587181347608	20.447254559411	2.64775403021714e-05	0.00656616470695422
"SNAP25"	-3.52993447739863	-0.410118114094334	20.4448802928693	2.65025382497841e-05	0.00656616470695422
"TBC1D3B"	2.87173953097108	-0.949437106837986	20.412894771664	2.68416936299314e-05	0.00656616470695422
"ENSG00000286864"	4.95222324266041	-0.579896052529044	22.7358975990526	2.69147000548897e-05	0.00656616470695422
"FAM90A25P"	4.23238276861444	-0.755910088364995	22.7192828511764	2.70608729749649e-05	0.00656616470695422
"CHPF"	-1.24150145721345	7.20409904445038	20.3482222682638	2.75412250352734e-05	0.00657210243699243
"ENSG00000273618"	3.53667011304227	-0.569779688272976	20.3423002511087	2.76062159033563e-05	0.00657210243699243
"TRPS1"	-1.02777786955889	5.95876097892566	20.3089560830317	2.79751222364981e-05	0.00659768420222457
"ENSG00000282021"	3.0325824252167	-0.981063274150093	22.5538547599647	2.85628065915252e-05	0.00667391133645498
"SMARCAL1-AS1"	-4.15170752288021	-0.25968185397186	20.2284685428356	2.88867617618002e-05	0.00668768287210116
"CCDC38"	3.30344957452427	-0.934262177283897	22.3215045575371	3.08225375486012e-05	0.00702553977720228
"C16orf71"	-3.02610335189153	0.603507779839987	20.0551866261231	3.09552324668276e-05	0.00702553977720228
"ENSG00000286954"	3.64764469027056	-0.871300610271547	22.2683724073393	3.13653085768547e-05	0.00702553977720228
"FKBP1C"	-3.64829624340711	-0.644742923093102	19.9883324552607	3.17936994150892e-05	0.00702553977720228
"LINC01249"	3.92364065126606	-0.614218476647584	19.9881087254941	3.17965444722012e-05	0.00702553977720228
"KIAA1549L"	-2.56425650919954	1.76209900198951	19.9708720819301	3.20165276155444e-05	0.00702553977720228
"ENSG00000286559"	4.71803486902804	-0.670169274929402	22.1207411230442	3.29270460126089e-05	0.00716012212037045
"SMIM43"	-4.16081618976775	-0.355846865508065	19.8803968066754	3.3197316745922e-05	0.00716012212037045
"CSMD2"	-1.82720201806817	4.31364545719954	19.8080628264007	3.41737026484318e-05	0.00730824903672183
"INSRR"	-2.91047814969726	0.797139364367804	19.761436378029	3.48187830213171e-05	0.00738363016422635
"MGP"	-2.50358769110893	6.97542510071604	19.7128193384936	3.55048296213129e-05	0.00746636979578192
"CCN6"	-2.24339511188712	2.22171977235763	19.6661540426701	3.61764916815221e-05	0.00754474188085297
"GPR119"	-3.90553567884022	-0.535024900490414	19.6219836501706	3.68243559333521e-05	0.00761690673752573
"ENSG00000229914"	3.21964843003133	-0.65782967774338	19.5119649101104	3.84907507453287e-05	0.00789686256145016
"LINC02275"	4.07767953575084	-0.775995855772178	21.5574229759751	3.96826599371033e-05	0.00807574131865163
"RBM46"	-4.15349967423071	-0.206290168919955	19.3747372824326	4.06792010149196e-05	0.00821231710089197
"ENSG00000283994"	3.3545282776649	-0.851987404280868	19.2791977044959	4.22785208813827e-05	0.0084674482098547
"ABI3BP"	-1.78918168896218	5.638118240021	19.2178722758325	4.33392552391914e-05	0.00857478532972505
"ZBTB6"	2.90019475766889	-0.893291809692001	19.1660349072502	4.42573385079949e-05	0.00857478532972505
"RAB4B-EGLN2"	4.03592917356055	-0.862729997912693	21.2122153980235	4.45332585909756e-05	0.00857478532972505
"GPS2P2"	-3.18518837822075	-0.775867004782891	19.1492706659334	4.45585344264796e-05	0.00857478532972505
"ENSG00000255100"	4.40970705359878	-0.717484876119714	21.2028128843172	4.46738213767742e-05	0.00857478532972505
"ICE2P2"	3.92864297254921	-0.841170088821877	21.1794058606906	4.50257821553037e-05	0.00857478532972505
"ENSG00000267773"	3.27396766288799	-0.985913960559942	21.1564989610751	4.53730573287342e-05	0.00857478532972505
"LINC02130"	2.95745635515422	-1.02118593613722	21.1373642395081	4.56653120921272e-05	0.00857478532972505
"SYCN"	-3.9001506829897	-0.567675003408023	19.0614736647617	4.61709493420646e-05	0.00857478532972505
"MXRA5"	-1.51078488249979	8.13145222229942	19.0592568020189	4.62124353018667e-05	0.00857478532972505
"ADAMTS2"	-1.40644819416452	7.35454958472814	18.9570956271066	4.81667151657603e-05	0.00881848396497358
"OR51E2"	3.83455570923373	-0.870024524736421	20.9751170312999	4.82247191268617e-05	0.00881848396497358
"PPP1R14C"	-2.44577042077923	2.13332942511047	18.8534085022382	5.02377692005208e-05	0.00912050435809455
"RPS18P13"	3.37060708201213	-0.957147724544515	20.8224222089688	5.07719988615413e-05	0.00915165279479281
"GGCTP1"	2.89662186437366	-1.02788839084342	20.7257463864693	5.24578784788662e-05	0.00936378191303816
"PRICKLE2-AS1"	-3.3693906444711	-0.499443723982425	18.727507923483	5.28769729664804e-05	0.00936378191303816
"ENSG00000287335"	-3.23371399243057	-0.451812705485636	18.7189244473453	5.30620492793524e-05	0.00936378191303816
"ENSG00000244998"	3.25890740375575	-0.784227093153042	18.6429564760689	5.47295770886649e-05	0.00950191704496464
"SFRP2"	-2.71697181865289	4.12166479586911	18.6351276358138	5.49044782234982e-05	0.00950191704496464
"HMCN1"	-2.13835478186665	4.1238163015689	18.6320034495703	5.49744358456444e-05	0.00950191704496464
"KRT75"	-3.06785171381323	-0.758879811175998	18.5440252431832	5.69828137904071e-05	0.00975760630639141
"PRSS23"	-1.6285443336212	6.29823202347877	18.5335438787776	5.72270946441819e-05	0.00975760630639141
"ENSG00000225129"	4.01280880636397	-0.818057785383741	20.415592699432	5.82771238332326e-05	0.00986995449618539
"ADAM12"	-1.87691643765396	5.0404704659772	18.3807670069548	6.09133781126994e-05	0.0102008348461958
"ENSG00000287850"	-3.58991101703979	-0.763096605307677	18.3520040717482	6.16344347751213e-05	0.0102008348461958
"GOLGA8UP"	2.9500191845021	-0.865531992949555	18.3325634726799	6.2126788412626e-05	0.0102008348461958
"HAGLROS"	-3.43629641562245	-0.170267807275973	18.3297158554107	6.21992483660173e-05	0.0102008348461958
"COL3A1"	-2.04308739163357	13.5283437753527	18.3164309426992	6.25384514980434e-05	0.0102008348461958
"ROBO1"	-1.17628173149874	5.1103680568531	18.3118364445867	6.26562076940897e-05	0.0102008348461958
"MATN4"	-3.21490715053362	3.155019058763	18.2583179447785	6.40449050039659e-05	0.0103600844729172
"BEND3P2"	3.1707257450949	-0.836471702905152	18.2321771646081	6.47347475881242e-05	0.0104049767859001
"ENSG00000233708"	-3.4031763521718	0.301213709267126	18.2011859055742	6.55625659480844e-05	0.0104508859045731
"ENSG00000227698"	-3.30340616803209	-0.865865388768159	18.1905695207572	6.58486569774965e-05	0.0104508859045731
"COL11A1"	-1.97203494105343	8.32971093366147	18.1479066147004	6.70114322678076e-05	0.0105110155516621
"IGLJCOR18"	3.28247847698336	-0.960436007225303	19.9918513214515	6.73524156471278e-05	0.0105110155516621
"PICSAR"	-3.11451014025301	-0.722526926347745	18.1194720142766	6.7798200503318e-05	0.0105110155516621
"RPL13AP19"	3.49298712424809	-0.922171446054764	19.9685186008811	6.78936213560895e-05	0.0105110155516621
"LINC02465"	-3.61640975033473	-0.650296962991445	18.0988133526602	6.83758052500178e-05	0.0105211185700256
"FGFRL1"	-0.965821235291039	6.83951315876236	18.0470314383069	6.98460915387869e-05	0.0106822189089775
"ENSG00000261542"	3.35731283139178	-0.999588664648854	19.8478017008814	7.07679469581282e-05	0.0107580068764359
"OPRK1"	-3.4991909528626	-0.107713947340698	17.9330019581349	7.32003534774759e-05	0.0110611432335575
"LINC00511"	-1.52193362652771	5.23506002323829	17.8925831039795	7.44289611973188e-05	0.0111798502131806
"DCN"	-1.42757947990427	7.86305462395397	17.8478387192807	7.58139763109976e-05	0.0113050791138822
"HMGB1P9"	3.08828548554038	-0.991859652188706	19.6231395608244	7.64647674783217e-05	0.0113050791138822
"ENSG00000285940"	-2.72356950598499	-0.889200986977387	17.8136895159694	7.68889630787236e-05	0.0113050791138822
"DGKI"	-1.79610641510099	2.84659657679203	17.808470721922	7.70546307742315e-05	0.0113050791138822
"ZNF469"	-1.36036660199677	6.05462513137571	17.7841638739691	7.78311204302024e-05	0.0113529960928102
"SALL4P5"	3.41119566257231	-0.606604125202588	17.731987717313	7.95253811444944e-05	0.0114960563370098
"PRMT1P1"	2.39466953394077	-1.11994343116091	19.5024592496735	7.97229981762125e-05	0.0114960563370098
"REG4"	3.82857171545186	-0.903940833701991	19.4326097990763	8.16755546930219e-05	0.0117106967197637
"COL6A1"	-1.60356347265323	10.9634301394975	17.6022004189828	8.39074814892303e-05	0.011962741781812
"SFTA3"	3.65195385265765	-0.881698270140141	19.3020519792433	8.54618023258765e-05	0.0121158909083904
"IGFBP1"	-2.90245327059014	1.89033923228274	17.5368893707073	8.62064462163073e-05	0.0121531825154666
"COL5A1"	-1.6671144407298	10.8915860525104	17.5065124298086	8.72978468436636e-05	0.0122386731394436
"MXRA7"	-0.952489978971599	5.45101197559902	17.4690578404891	8.8663259917966e-05	0.0123614219007175
"UNC93B6"	3.37101384688563	-0.47717282512156	17.4390341337727	8.97737357440212e-05	0.0124474737445076
"LOXL3"	-0.907095045229115	5.69206253858134	17.4251866129286	9.02907516930545e-05	0.0124507492840122
"XYLT1"	-0.78371865196657	6.8437653196503	17.376315328599	9.21401995793102e-05	0.0125717525068404
"KIAA1755"	-1.62686548507953	4.97345084559273	17.3756768095865	9.21646211121649e-05	0.0125717525068404
"MAJIN"	2.4951110245054	-1.10349466267281	18.9635824506776	9.61669863632045e-05	0.0129918835556501
"PRKCA"	-0.853199508021497	5.90941717361817	17.2620612133185	9.66185950032682e-05	0.0129918835556501
"FSTL3"	-0.95872746701147	5.29353332407772	17.2578191401851	9.67891463626796e-05	0.0129918835556501
"TCP10L"	2.932553059191	-0.711288979301572	17.180901307948	9.99362674581425e-05	0.0132927818097221
"CNTNAP2"	-1.92950170476021	3.88266608538364	17.1773441332522	0.000100084348874468	0.0132927818097221
"ENSG00000277350"	3.39301693403978	-0.38714378671296	17.1626991001726	0.000100696403402055	0.0133040509939836
"P4HA2"	-1.43859538953266	5.33339668072106	17.1496586547183	0.000101244659901296	0.0133068176698396
"LINC01711"	-2.83174202880114	0.692868270441331	17.1077335826874	0.000103028343822711	0.0134257459808076
"FAM86KP"	2.73252944111376	-1.05781626038715	18.7618463166895	0.000103213581148273	0.0134257459808076
"IGKV7-3"	3.14172371705161	-0.969821941063841	18.7362971108324	0.000104144176703387	0.0134454807323107
"SPATS1"	-3.63402846080556	-0.223429324752174	17.0752908979691	0.000104430918309209	0.0134454807323107
"PDIA4"	-0.505152021688654	6.83602646509657	17.0563672917408	0.00010525814674256	0.0134583125699729
"SHANK2-AS1"	3.08102490396008	-0.852187261776058	17.0486551018199	0.000105597221670483	0.0134583125699729
"RPS3AP47"	3.06108780403627	-1.0275361688663	18.6434431814478	0.000107601586559232	0.013644854456393
"FN1"	-1.79803981331118	14.6241654436324	16.9797522505413	0.000108677273729936	0.0137123550128747
"CCT8P1"	2.52370201373852	-1.03244379116806	16.961075398654	0.000109528077306977	0.0137509504021968
"RCN3"	-1.08638723936074	6.80949617750792	16.8607581558974	0.000114217429546644	0.0142686972010374
"BMP1"	-1.2042732750052	6.68468997123479	16.8451907775567	0.000114963557944336	0.0142911595306666
"SULF1"	-1.3436905732936	5.90460299406219	16.8252372987649	0.000115927295587792	0.0143403201184212
"ENSG00000239941"	3.06982237926245	-0.870374829092898	16.7434289570896	0.000119966893132088	0.0147676319423816
"LRRC38"	-3.66019208736084	-0.270318301408245	16.7267254915688	0.00012080945906861	0.0147991587359047
"SLC39A7"	-0.764870275298904	6.4185826159093	16.6822761886414	0.000123081583717116	0.0150046558700552
"MFAP2"	-2.0106976511621	3.45926038407956	16.6489653119131	0.00012481332637567	0.0151067516696198
"PFN3"	-3.5034858422432	-0.621552443333079	16.6431857449188	0.000125116350265526	0.0151067516696198
"PTGES"	-1.39719170403062	6.0784353880023	16.6243970282437	0.000126106722238035	0.015134394339579
"BAIAP2L1"	-1.62003446313213	3.05925758910575	16.6161354044599	0.00012654476741237	0.015134394339579
"ENSG00000228061"	-3.3502545374083	-0.446156315658041	16.5878189414001	0.000128058149310869	0.0152431481031122
"CALHM1"	-3.477992749665	-0.252499358526455	16.5756210705268	0.000128715833601446	0.0152495026334859
"LGALS1"	-0.902360279304089	7.96509714401777	16.4927766282555	0.000133276216457588	0.0156626070212851
"BVES-AS1"	-3.21911426223983	-0.388660105909286	16.4897840935655	0.000133444046347387	0.0156626070212851
"CDON"	-1.69102802417862	6.04544373742229	16.465065847829	0.00013483871592266	0.015662879223279
"LOXL2"	-1.52963587454925	7.1675472045674	16.4575957656583	0.000135263162263239	0.015662879223279
"INTS9-AS1"	3.66361255358993	-0.725474335707866	16.4568008953024	0.000135308407793732	0.015662879223279
"CTHRC1"	-1.81757757726208	4.17162855812347	16.4454837447905	0.000135954304782152	0.0156657848455598
"P3H1"	-0.755114193498332	6.03498889778924	16.3966011991416	0.00013878105342649	0.0159188176509886
"KLRG2"	-3.09754114881391	-0.731533466710766	16.2485897351451	0.00014771734658515	0.0167949612811452
"IGDCC4"	-1.77976226481236	3.33950300857651	16.2480596223408	0.000147750402394065	0.0167949612811452
"TNFRSF11B"	-2.17968913602367	5.66399812924191	16.2179354549302	0.000149641477474945	0.0167990615421222
"C1QL3"	-3.81999633548472	-0.479719889647229	16.2140209029022	0.000149889051897531	0.0167990615421222
"PAPSS2"	-1.28002450953076	5.8905801161511	16.1994033436359	0.00015081729114442	0.0167990615421222
"FAM155A"	-2.1617634426905	2.50716068792322	16.1942880870455	0.000151143523338018	0.0167990615421222
"THEM5"	-2.62504101213752	-0.917397205627931	16.1860509531148	0.000151670394675078	0.0167990615421222
"MYCNOS"	3.65472214440828	-0.365244248285006	16.1814612745471	0.000151964789133362	0.0167990615421222
"SRPX2"	-1.50079795014926	5.349434758107	16.1739725563648	0.000152446407495383	0.0167990615421222
"GOLGA2"	-0.540454618630418	6.52741928720882	16.1547383140375	0.000153690670515072	0.0168625394367297
"ENSG00000287688"	2.82698467697394	-0.689723294531492	16.0627265786034	0.000159790123782221	0.0174558604919669
"SNHG27"	-3.24021476648236	-0.581208781952277	16.0302373637485	0.000162003287146784	0.017484664715451
"COL16A1"	-1.61634114208412	8.3067727123218	16.0222236648473	0.000162554047086487	0.017484664715451
"MAGED2"	-0.772450512995787	7.14895103462118	16.0202910685067	0.000162687159333164	0.017484664715451
"WNT5A"	-1.99638123151677	2.528669999571	16.0182873347713	0.000162825290593659	0.017484664715451
"LINC00971"	-3.57750695331865	-0.0581522697636494	16.0035171538327	0.000163847258164134	0.0175198540668302
"MIX23P5"	2.83921237473176	-1.0404991122771	17.4265862609755	0.000166017045094505	0.0176769625863284
"LINC00933"	-2.7687229873203	-0.806375680101788	15.9088571072299	0.00017055665715816	0.0180183978671944
"FNDC1"	-1.75477852309652	7.48632414518222	15.8863357662951	0.000172194467726043	0.0180183978671944
"LINC01843"	2.35503356818086	-1.04531920171134	15.8846287536832	0.000172319268661084	0.0180183978671944
"DAPK1"	0.595415584598496	6.01508455724171	15.8822273483912	0.00017249499583774	0.0180183978671944
"MCHR2"	-3.52058439626687	-0.094632944868958	15.87814944425	0.000172793829358472	0.0180183978671944
"C4orf47"	-2.66178433023534	0.203544064418676	15.858754437521	0.00017422247832608	0.0180926100434512
"AK4"	-1.41789407054864	2.56867093899232	15.8430968071859	0.000175384756171945	0.0181386652540944
"P3H4"	-1.17503071544184	5.53895233822494	15.7958591312205	0.000178940175318363	0.0183072116956622
"TTLL8"	-3.31261263175886	-0.526495407998301	15.793793519584	0.000179097340765931	0.0183072116956622
"LINC01018"	-3.42713449001123	-0.543852592650157	15.7898897047723	0.000179394759658334	0.0183072116956622
"P4HA3"	-1.6241405496389	4.02522193067757	15.7830599681438	0.000179916326551386	0.0183072116956622
"ENO2"	-0.927161016698257	5.03693969299355	15.7735304937165	0.000180646691632786	0.0183077078849532
"COL6A2"	-1.4639962038008	11.399449782531	15.7501589036931	0.000182450991534964	0.0184166030855392
"ENSG00000233406"	-3.42084869708241	-0.628308246493097	15.7107081788527	0.000185539095147273	0.0186537014583324
"SSR3"	-0.485817865803954	5.7848231832004	15.6352536115906	0.000191597286128783	0.0191863393470629
"ENSG00000279721"	-3.36172931822578	-0.580247594547951	15.6323438381542	0.000193117494625734	0.0192621342959699
"HHIPL1"	-1.42490047068535	5.72116608613734	15.5725726434934	0.000196785651559984	0.0195243563257118
"GRM5"	-3.30573906466071	-0.60085665179061	15.5665251315429	0.000197293872124292	0.0195243563257118
"DNAAF4"	-2.9131060948911	-0.664541722219068	15.5537719895651	0.000198370084101532	0.0195541760636803
"ENSG00000285829"	-2.92035706738723	-0.824485994942838	15.4559827104971	0.000206827211008697	0.0203001980475585
"ANKH"	-0.974625233972943	8.39433341813437	15.4478508872013	0.000207547101100459	0.0203001980475585
"RN7SL555P"	2.44948313924574	-0.937583414060523	15.3962072799381	0.000212180013712815	0.02059058362825
"MAGEL2"	-2.34684792169831	1.94389300147456	15.3932036444703	0.000212452744295759	0.02059058362825
"PLCE1"	-1.70269699735044	2.63131818832981	15.3875856704378	0.000212963833048276	0.02059058362825
"RBMS1P1"	-2.5384913059251	-0.863124515535981	15.3667559865221	0.000214869938453141	0.0206955835758207
"MTHFD1L"	-0.78656776843594	4.50317892097018	15.3498545047304	0.000216429569418176	0.0207665406245919
"THY1"	-1.57121029098631	7.15953925369098	15.2709072043537	0.000223871596685308	0.0212942494053216
"LINC02519"	-2.93793225134996	-0.636747004852887	15.2567721102635	0.000225231805770172	0.0212942494053216
"ENSG00000287623"	-3.03656478996092	-0.124577183515592	15.2519385830281	0.00022569889551673	0.0212942494053216
"ENSG00000267706"	-2.74003633952319	-0.80306773829055	15.2493847716803	0.000225946089346652	0.0212942494053216
"ENSG00000280023"	3.14227416577082	-0.567663604808375	15.2325956999646	0.000227578174734038	0.0212942494053216
"TMEM169"	-2.44451029033898	0.0280772214277973	15.2222923468523	0.000228585822434774	0.0212942494053216
"ALPL"	-1.24557343641379	7.44647560143444	15.2205029546052	0.000228761292290269	0.0212942494053216
"MIR5191"	2.95851980153947	-0.821175764052111	15.2106290838482	0.000229732049499338	0.0212942494053216
"AMMECR1-IT1"	2.75074633025751	-0.224670024814513	15.2093385233511	0.000229859247128218	0.0212942494053216
"THBS3"	-0.964553094318331	6.39066790218323	15.2041866184451	0.000230367746687252	0.0212942494053216
"AOPEP"	-0.947539208090283	5.14710272868227	15.1425756127058	0.000236539985812148	0.021784987379451
"TSPAN2"	-1.55941112039375	2.68243486451721	15.0740454021026	0.000243607205341683	0.0223542830065359
"MATN3"	-1.74588789273035	4.28372133455801	15.0470496111644	0.00024645094187647	0.0225332953559881
"ENSG00000224985"	-2.84655779421428	-0.821536199582893	14.9856778651135	0.000253044633126477	0.0230087332823421
"ENSG00000256542"	-2.93899661447279	-0.801953490637185	14.9817349808287	0.000253474454229883	0.0230087332823421
"RSPH3"	-0.828772660802921	3.47303940790888	14.9067113791687	0.000261798746569316	0.0234748312380191
"CCN4"	-1.54661121701199	4.20487638600881	14.9018483185863	0.000262348018131878	0.0234748312380191
"RANBP1P1"	2.71579729056033	-0.833247733064024	14.8997947774905	0.000262580319576805	0.0234748312380191
"PADI1"	3.59156421671001	-0.411802715266221	14.8940525209209	0.000263231029939465	0.0234748312380191
"ENSG00000231412"	2.68865180316572	-0.725178673819569	14.8937933238312	0.000263260441464609	0.0234748312380191
"ADGRG2"	-1.93709646640213	2.93382729052359	14.8694476570637	0.000266038231601975	0.0236389956847741
"PRSS46P"	-2.81799253946867	-0.680452527930578	14.7667626913857	0.00027809300884015	0.0246234283441445
"ENSG00000280193"	3.06421295553267	-0.817769689122953	14.7260308204847	0.000283030400379724	0.0249245011369342
"TMED6"	2.1862944782806	-1.04107154339985	14.7196136252151	0.000283816522944896	0.0249245011369342
"ENSG00000229498"	2.34784749604783	-1.01503437491622	14.714404137288	0.000284456363282625	0.0249245011369342
"TMEM59L"	-2.17263058877847	3.47833954052539	14.7046892121472	0.000285653569728656	0.0249427952667911
"EMILIN1"	-1.03904188073894	8.09771481809546	14.6192969959637	0.000296404279352363	0.0257922827222651
"GAS2L1P1"	-3.64317311453853	0.121719723793345	14.5675376726368	0.000303124129800106	0.0262863828711536
"ENSG00000225213"	2.51290041082357	0.0502969189789707	14.5440877101398	0.000306220430064832	0.0264555468812095
"BEST4"	-2.52804971930441	0.734473239101041	14.5369333605518	0.000307171596441228	0.0264555468812095
"GOLM1"	-1.12861659327334	5.8365095253234	14.5165747368733	0.000309895064843827	0.0265969007623937
"ENSG00000283662"	-3.14575258383566	-0.608918995588464	14.507414018637	0.00031112869505065	0.0265969007623937
"TMEM213"	-3.09121556258536	-0.327506486376372	14.5003536829201	0.000312082951518545	0.0265969007623937
"RN7SL459P"	-3.65802117203562	-0.409177105649399	14.4933782705655	0.000313028711172219	0.0265969007623937
"PKM"	-0.534921552087883	9.20796434592252	14.4698667485905	0.000316238469692843	0.0267574482870343
"HABP2"	2.85466734453815	-0.760053451180035	14.4640420252128	0.000317038915705301	0.0267574482870343
"PTBP1P"	-3.13156563955	-0.702170693727102	14.4499129670733	0.00031898930415326	0.0268323169676917
"COL5A2"	-1.57659354857273	9.98071182112236	14.4241633822385	0.000322575872604566	0.0270267575746531
"C1QTNF6"	-1.18128999030091	5.02898446703518	14.4147928948535	0.000323891412173284	0.0270267575746531
"ENSG00000224215"	-2.79857261743044	-0.802198779413976	14.4103729144586	0.000324513871413509	0.0270267575746531
"HOXA-AS2"	-3.08250767080944	2.5542105157872	14.3943114762219	0.000326786245734365	0.0270658054234778
"CD177P1"	3.16115907120913	-0.281488531680661	14.3919071715719	0.000327127824615048	0.0270658054234778
"RPS2P17"	-2.51943800448649	-0.836841924019496	14.3789136739031	0.000328980226592743	0.0271301177061041
"CREB3L2"	-0.432641720964257	6.80830608960364	14.3611696970586	0.000331527465235011	0.0272511256847085
"NAIPP1"	-2.52657085469229	-0.933412650918155	14.3374330023575	0.000334967016084339	0.0273589840316036
"FSTL1"	-1.1513667890354	7.84082259013573	14.3371519161469	0.000335007967733922	0.0273589840316036
"TBC1D8"	0.615953880958547	5.04296617884542	14.3221160830258	0.000337206135070152	0.0274496671564364
"CCDC80"	-1.29072415187989	7.8459977568624	14.2979886250202	0.000340764772345206	0.0276006970720138
"ADAMTSL2"	-1.958306888551	6.41717877738375	14.2896589040747	0.000342002377285485	0.0276006970720138
"SLC35B2"	-0.542692668461751	5.49323612553082	14.2873737972772	0.000342342705906096	0.0276006970720138
"GPR26"	-3.14315034742991	-0.144948162560523	14.2764614972267	0.000343972762405792	0.0276165991127644
"A2ML1"	-2.87734895356269	-0.429319080005731	14.2643293226184	0.000345794496068142	0.0276165991127644
"LDHA"	-0.557971516584679	6.16044670185122	14.2641395187363	0.000345823075872144	0.0276165991127644
"ENSG00000285476"	2.26981630939625	-1.010566011433	14.2200426464889	0.000352529853315533	0.0280118434095141
"SEC24D"	-0.611052429433287	5.75090251106801	14.2170327941963	0.000352992518495164	0.0280118434095141
"ENSG00000287312"	2.77569159055654	-0.596662749811766	14.2067415623333	0.000354579219295948	0.0280495504668754
"TIAM2"	-1.2481246552857	6.13625016725936	14.1827020439888	0.000358314523240121	0.0282564593561389
"KRT83"	-3.4249632698781	-0.645017061266026	14.174488312048	0.000359600124737069	0.0282694989026166
"C19orf84"	-2.95682015283032	-0.482060056787326	14.1554707647564	0.000362595122952576	0.0284164221357399
"KLK11"	-3.39447226530527	-0.264120360814403	14.1343238055176	0.000365955879500774	0.0285671050528827
"ATP8B2"	-0.61870973818504	6.8184272543321	14.1267794457364	0.000367162665256628	0.0285671050528827
"TPI1"	-0.481944861734759	7.94286127356825	14.1220955327641	0.000367913974328785	0.0285671050528827
"FMOD"	-1.58368360956548	10.4054921267952	14.1040504714369	0.000370823379302398	0.0286564884894072
"LINC01922"	-3.48461680080655	-0.295018057844403	14.1008843575169	0.000371336308144884	0.0286564884894072
"ALG14"	-1.41734023888252	1.74749710259115	14.0851332494233	0.000373899040911821	0.0287662874921031
"PCOLCE2"	-1.57909918445515	6.51259411632258	14.038735925872	0.000381555140473247	0.0292660910937459
"DCAF4L2"	-3.13899834686251	-0.462076393773988	14.0310028571545	0.000382846916590195	0.0292761876974351
"SERPINE2"	-1.19633787639358	6.18601198355901	13.9544379489856	0.000395884321931666	0.0301816944530079
"MT-ATP6"	-0.99513655790732	6.86819369082763	13.9112184489882	0.000403446296009922	0.0305671933171123
"B3GALT5-AS1"	-3.16819550660954	-0.701226656664776	13.9069174939133	0.000404206975290655	0.0305671933171123
"ENSG00000266980"	1.91664120765045	1.45286144845613	13.9048413497863	0.000404574700531623	0.0305671933171123
"GPR39"	-2.90487240222668	-0.575141187316587	13.8957877448822	0.000406182330858562	0.0305970481170621
"OR9Q1"	-3.24277915314731	-0.397415631199941	13.8816126240406	0.000408712704745044	0.0306960270959559
"COL10A1"	-1.91972592911785	5.62429713173711	13.857795393687	0.00041300116780211	0.0309260666750334
"GPX7"	-0.994316167680607	3.60121659022356	13.8353936235162	0.000417077386415956	0.031047276831819
"MELTF"	-1.16804129371368	7.27131337697637	13.8339295406854	0.000417345239554554	0.031047276831819
"SHISAL2B"	-3.17632307233074	-0.722690741711037	13.8286596426045	0.000418310842988646	0.031047276831819
"LRP2BP"	-2.19137640106473	0.704105899345415	13.8037996335072	0.000422897305211885	0.0312956407537299
"ARHGAP27"	0.559076201764156	6.92150842723113	13.7441226935194	0.000434121450499188	0.0320323239863947
"CERCAM"	-1.05863736847994	7.27559772638808	13.7194741265764	0.000438847201612328	0.0322522506579744
"PIGR"	2.46453652485969	-0.911675186395195	13.7128786320327	0.000440120755924679	0.0322522506579744
"ENSG00000279048"	2.54721542293612	-0.0489334719525268	13.7065760714174	0.000441341330347596	0.0322522506579744
"ENSG00000242973"	-2.74101503826546	-0.811178372575233	13.702079312103	0.00044221433436335	0.0322522506579744
"ENSG00000255959"	-3.16018101818188	-0.693122803308653	13.6949535332893	0.000443601409960712	0.0322601774650103
"ENSG00000229330"	2.77871361246928	-0.696195904794897	13.6605435903438	0.000450363341366746	0.0326578129867524
"ARL1"	-0.99674706683467	2.84815825995204	13.6395243397606	0.000454546403849684	0.032726158566015
"NIBAN2"	-0.697624843283793	8.15180185875937	13.6373615066044	0.000454979113562871	0.032726158566015
"POSTN"	-2.23324015427535	3.216311617703	13.6362761392286	0.000455196419919607	0.032726158566015
"PAM"	-0.842699726316284	6.38870277709098	13.6169241482377	0.000459089105594315	0.0329072186013971
"ENSG00000284610"	2.61904753843003	0.130954013598506	13.6108260654723	0.000460322891471891	0.0329072186013971
"MMP14"	-1.29734204002818	8.19446647887643	13.592598083716	0.000464031400927083	0.032999078700078
"CDRT15P6"	-2.96662357113827	-0.273812603751265	13.591659379138	0.000464223219279876	0.032999078700078
"CSMD1"	-2.53581922218418	0.401493959866795	13.5819357595539	0.000466215027872486	0.0330287868339094
"POTEE"	-2.72518411616341	-0.0309966218411102	13.5690298835998	0.000468872405838579	0.0330287868339094
"TAFA5"	-2.07555911944469	2.46107043633261	13.5595599958934	0.000470832295158908	0.0330287868339094
"EDIL3-DT"	-2.4327310527698	0.636100764948262	13.5590465333319	0.000470938804159058	0.0330287868339094
"TMEM214"	-0.416355731478491	6.68685330151711	13.5578582562866	0.000471185387763319	0.0330287868339094
"COL12A1"	-1.55787161091754	8.24915300841565	13.5248578706659	0.000478087226073029	0.0334197538779858
"ENSG00000250105"	-2.86480194294053	-0.842566694718014	13.4727074296049	0.000489208902954101	0.0341027255968142
"FZD9"	-1.52427669921038	3.03090743776131	13.4664507371396	0.000490561141203462	0.0341027834663068
"APOBEC2"	2.52664296786744	-0.219321875960584	13.4430363165997	0.000495656148350502	0.0342205650564137
"TWSG1"	-1.12479182560542	3.65978231285352	13.437228793198	0.000496928354163219	0.0342205650564137
"ENSG00000286650"	2.73380498157356	-0.985281161697553	15.2446819902654	0.000500295246540902	0.0342205650564137
"COLGALT2"	-1.35163252394542	5.20532715656618	13.4178758243934	0.000501192371521784	0.0342205650564137
"ENSG00000259203"	-3.03629678888745	-0.758009447150378	13.4173421147964	0.00050131049987157	0.0342205650564137
"SEZ6L2"	-1.59536905711586	3.86100380426084	13.4124658423741	0.00050239112651332	0.0342205650564137
"SEMA3D"	-1.76450441538488	3.11487641390894	13.411490507437	0.000502607559713328	0.0342205650564137
"EDIL3"	-1.52997509247438	5.1897762881885	13.4070891818061	0.000503585447230178	0.0342205650564137
"GLG1"	-0.480885413042697	7.52642204817463	13.4031600856301	0.000504460083256822	0.0342205650564137
"ENO1-AS1"	-2.84898541883431	-0.638507760824897	13.3688526274815	0.0005121644186375	0.0346500512180089
"SOX11"	-1.99227817723554	4.15923220542901	13.3221881324357	0.000522840308828149	0.0352777411584983
"ST6GAL2"	-1.60747108521955	3.0031478827659	13.2945354537246	0.000529275451690022	0.0356167093957272
"EPHA3"	-1.68859411256187	3.3754164000258	13.2645258138376	0.000536352209565794	0.035996936192534
"ENSG00000286764"	-2.51372756783906	-0.787734051891731	13.2433709009358	0.000541399860656237	0.0362393248903452
"ENSG00000259607"	2.74979313585479	-0.858176902315419	13.2343279608565	0.000543572567793507	0.0362453027573812
"C1orf122"	-0.651213578519147	5.1631117074798	13.2310524624246	0.000544361788985435	0.0362453027573812
"RNPS1P1"	2.70663079027401	-0.671190283594119	13.2090408769143	0.00054969636711548	0.0365041784846293
"LINC00471"	2.45106479494241	0.0907614158358334	13.1667010818448	0.000560110721222873	0.0370981471130163
"RRBP1"	-0.74409843609454	8.98007975619215	13.155680036359	0.000562855036820372	0.0371823216077541
"ENSG00000251014"	2.85074068372173	-0.741818499961013	13.1391372739594	0.000567000531599555	0.0372679601996657
"ENSG00000272692"	-2.85884936498164	-0.506723254998688	13.1354357533226	0.0005679324382484	0.0372679601996657
"LINC02280"	-2.38765044479061	0.823592486770942	13.1328597596366	0.000568581917054539	0.0372679601996657
"TREH"	-3.22130480848024	-0.65640112516334	13.9184161631131	0.000581013392975719	0.0378721841335336
"CYP27C1"	-1.7383602486111	3.38260715638636	13.0796910348825	0.000582160854243047	0.0378721841335336
"ELMOD1"	-2.932832649983	-0.645562578251495	13.0751635903225	0.000583332584830252	0.0378721841335336
"LINC01839"	2.77859752783369	-0.552183474245985	13.0723606541709	0.000584059229150246	0.0378721841335336
"TSPAN14"	0.439712621233246	7.80577262933737	13.061203903587	0.000586960878968682	0.0378721841335336
"ENO1"	-0.561671574374382	9.04768813394442	13.059106691353	0.000587507991659001	0.0378721841335336
"RN7SL547P"	-2.90278993936693	-0.772459140215031	13.0560522390325	0.000588305772948094	0.0378721841335336
"ENSG00000226409"	-2.69970327356506	0.680047754394842	13.0448540909995	0.000591240211711148	0.037964241075142
"PHPT1"	-0.541815473607128	5.08559519838679	13.018381665856	0.000598237822193505	0.038316069652419
"ENSG00000278893"	-2.23759997075693	1.04102496883784	12.9992490251918	0.00060334876843038	0.0385455852439004
"RCN2"	-0.793819737925681	4.5687496911834	12.9784879457979	0.000608946051902875	0.0388049333832552
"MT-TY"	-2.9893388359099	-0.0302831643878905	12.9655637327436	0.000612457689216986	0.0389304024871301
"SGCD"	-1.83426001753095	3.04277494146406	12.9587943775195	0.000614305376445057	0.0389497391321382
"CCT8L1P"	-3.05483925960643	-0.723022006370543	14.1732424089114	0.000616190946051494	0.0389713747458883
"FAP"	-2.59599927578186	-0.0690486255510131	12.8727876821127	0.000638291335309629	0.0402122419647125
"ENSG00000285870"	-2.32185288838357	-0.951236217819963	12.8690904672951	0.000639343982780812	0.0402122419647125
"FAM83A"	-3.38547922511375	-0.0727072096529619	12.8643167879043	0.000640705781931634	0.0402122419647125
"GLIS1"	-1.61192022026223	3.14254079494374	12.8591441185336	0.000642184803319957	0.0402122419647125
"SYT16"	2.70423616415316	-0.708642467011311	12.7934728552715	0.000661273530946272	0.0412432644316055
"PTK7"	-0.756123516178096	6.2261082110468	12.7886532456071	0.00066269746477869	0.0412432644316055
"KIF26A"	0.573979739684952	6.57955586678777	12.7816964209444	0.000664758448854335	0.0412432644316055
"SPON1"	-1.38689967028286	5.29274626297527	12.7789028530959	0.000665587925776431	0.0412432644316055
"LINC01792"	-2.80552333545066	-0.558904031498513	12.7747535112454	0.00066682194920131	0.0412432644316055
"GPC6"	-1.41072034666702	4.69978873364956	12.7393189193578	0.000677457576268957	0.0416456181906389
"ENSG00000287087"	-3.19840712149003	0.010439826436748	12.7386139614645	0.000677670946885308	0.0416456181906389
"SURF4"	-0.430313330357255	7.48701610110388	12.7366090814311	0.000678278148458592	0.0416456181906389
"IGFBP2"	-0.988256761484857	5.95907496530614	12.7309012509969	0.0006800099290274	0.0416484919420696
"SNX18P13"	-2.72123219560392	-0.221324834105086	12.7255890376687	0.00068162580432236	0.0416484919420696
"RNU1-47P"	-2.78868490896287	-0.693557155672705	12.7176869805155	0.000684036844592046	0.0416948545248316
"LINC01749"	-3.20743974883145	-0.201408857918331	12.7095559622888	0.000686526993900063	0.0417458040748629
"ENSG00000231863"	-3.17111024661117	0.00485648267302561	12.6965774659645	0.000690521227479879	0.0418877480179201
"ALDH1L2"	-1.6543475030964	2.13191927046619	12.6832062389771	0.000694661581539575	0.0420378537413697
"CDK2AP1"	-0.832296581030196	5.52857952235684	12.6702848429171	0.000698687153485341	0.0421803117660349
"ENSG00000251377"	-2.78236933914478	-0.773385984239465	12.6522258278331	0.000704353961494702	0.0424209360819065
"ENSG00000215146"	-2.62383916414587	0.468698621133236	12.6409270299739	0.000707923718278242	0.0425344167398844
"ENSG00000236643"	2.15523919844574	-1.05234460648763	12.6322724145615	0.000710670777876207	0.0425980453199669
"PCDHB18P"	-2.30288238195237	1.29528086409593	12.5956974665401	0.000722402887018145	0.0431986655305756
"EPHA5-AS1"	-3.05872940000385	-0.719838811416856	12.585094978329	0.000725841322146773	0.0433016684736969
"CA9"	-1.962271046023	4.4909793336583	12.5670968801716	0.000731717171168477	0.0434553633654891
"TOX3"	-2.8091959468075	0.357963449509152	12.5647554563412	0.000732485201797656	0.0434553633654891
"SAMD11"	-1.12279732258689	4.23282163501555	12.5614109809662	0.00073358370492167	0.0434553633654891
"ENSG00000264212"	3.2890291446719	-0.722169366870694	12.5539164370926	0.000736051530379318	0.0434994388035646
"TRPV4"	-1.38187681554609	5.89947204158508	12.5319858081827	0.000743322583356056	0.043826507922874
"ROR1"	-1.32489808431195	2.88005615929973	12.5005799298567	0.000753865342834339	0.0441796850593881
"IGHV3-19"	-2.67141448564377	-0.38757851390119	12.4937440254885	0.000756180632613268	0.0441796850593881
"ENSG00000236453"	-2.67370650796604	-0.778254808403306	12.4876352997649	0.000758255881558269	0.0441796850593881
"ENSG00000206549"	-2.82747421219635	-0.560501384476608	12.48627915992	0.000758717389907359	0.0441796850593881
"ENSG00000223718"	-2.32166414645461	-0.968386334229537	12.4836163630966	0.000759624416435914	0.0441796850593881
"LINC01121"	-2.88554459772861	-0.691241398499643	12.4830512589184	0.000759817052338991	0.0441796850593881
"TMCO3"	-0.638227741224052	6.0669372167224	12.4527731378522	0.000770213006638351	0.0445791581279738
"DSP"	-1.23958606567187	4.33921982286873	12.4494384446948	0.000771366970051675	0.0445791581279738
"ZNF474"	-2.73240289457507	-0.437338817410717	12.4476488207138	0.000771987006218527	0.0445791581279738
"CLVS2"	-2.15404882711289	2.29356550460915	12.4158483731538	0.000783091428026916	0.045109650515132
"ACOT11"	-0.655313492620497	4.40994166768066	12.4070324540197	0.000786199157291027	0.045109650515132
"DPYS"	-3.1642337017247	-0.439481024427431	12.3973700055042	0.000789620024660695	0.045109650515132
"ENSG00000274414"	-2.74269976994532	-0.299446268228342	12.3963138084847	0.000789994894451599	0.045109650515132
"MTHFR"	0.400956844774087	7.04629407242986	12.3959851744139	0.000790111572327654	0.045109650515132
"CD63"	-0.622474069758266	7.77875897365079	12.3892862975279	0.00079249384104082	0.0451435261369415
"ENSG00000224413"	-2.745010749822	0.121203287188556	12.3785857157889	0.000796314700419616	0.0452077113858098
"ENSG00000254419"	2.46294784971626	0.630479322880074	12.3717081689054	0.000798780569362181	0.0452077113858098
"ENSG00000237480"	3.1994709979598	-0.508728096367045	12.3711110941881	0.000798995017954079	0.0452077113858098
"MAP3K12"	-0.870660464688974	4.7451630186633	12.3624956358108	0.000802096061520562	0.0452816423097794
"SILC1"	-1.85637778856769	2.76893095389376	12.3507256817446	0.000806352761116596	0.0454203391222708
"RSPO4"	-2.3966248927269	0.825937493064116	12.3456010815005	0.000808213443911793	0.0454237555837731
"ITGB8-AS1"	1.93553585393319	-1.06474418164011	12.3372894908603	0.000811240778774771	0.045492580116403
"ENSG00000286481"	-2.49006066579391	-0.801370579392386	12.3167517696076	0.000818771886334599	0.0458131010014492
"LINC02003"	-2.49142720065616	-0.855281454960249	12.3112538317686	0.00082080026330549	0.0458249881515797
"TLCD1"	-1.95440892139956	1.04781962212151	12.2707302574544	0.000835912828901316	0.046565695888134
"EFNA5"	-1.27601325532128	3.32457781528132	12.2631507624756	0.000838771424854104	0.0466220196171659
"ENSG00000285672"	-3.23442911026755	-0.610849047922125	12.2542815915095	0.000842129324868912	0.0466758740883449
"BACE1"	-0.738906354495102	5.25213690192068	12.2508307175935	0.00084343961102775	0.0466758740883449
"PRDX4"	-0.694888312109266	5.23254580138153	12.224352277485	0.000853564164629187	0.0471328045829705
"ENSG00000273162"	2.3077721733323	-0.123023385341895	12.2007225286372	0.000862706129517713	0.0475336008261561
"RARG"	-0.804538815838383	6.04942721261836	12.1946213354141	0.000865083072486517	0.0475607218609962
"DSC3"	-2.90514685372768	0.0217664429189185	12.1623567984019	0.000877766577465049	0.0481531295268054
"LILRB5"	0.812982623359755	5.63062254062178	12.1411509224807	0.000886207956151446	0.0485107543893313
"ESYT3"	-2.03738617416937	1.31489999041117	12.1323939339594	0.000889718409617201	0.0485974979798486
"SBSPON"	-2.00666691490169	3.43590834892038	12.1021467069615	0.000901955348728396	0.0489276028737439
"GDF5"	-1.98084063848624	3.46852575706198	12.097105183123	0.000904011917674885	0.0489276028737439
"UNC5B-AS1"	-3.16102427858692	-0.330536636527086	12.0950302005678	0.000904859772564882	0.0489276028737439
"GPR158-AS1"	3.56641314022813	-0.349350560971222	12.0936206434556	0.00090543620061615	0.0489276028737439
"ENSG00000259039"	-3.09466394633882	-0.699090003295257	12.0935714320385	0.000905456332159238	0.0489276028737439
"LLPH-DT"	2.39278729829742	-0.588444614390783	12.0791840071741	0.000911361979973325	0.0490793580708684
"PLEKHG4B"	-1.56373057956436	2.72602893240178	12.0772606250656	0.000912154505061909	0.0490793580708684
"PRICKLE2"	-0.983433345889224	5.7022146722424	12.0353958132448	0.000929583480190318	0.0499107215374525
