"genes"	"logFC"	"logCPM"	"F"	"PValue"	"FDR"
"COL3A1"	-2.10466412798683	12.1518821026615	67.8920846014193	2.9419342889715e-10	6.44930834828333e-06
"COL6A3"	-1.60635639758858	9.67278171759974	40.5307092581709	1.26317008562947e-07	0.00138456073085846
"COL5A1"	-1.27629790786475	9.66584019308219	36.6325568057488	3.5450018816166e-07	0.00195126075125711
"AEBP1"	-1.32457837835388	8.46706458363531	35.9846945496849	4.23028221364508e-07	0.00195126075125711
"IGFBP4"	-1.27358544269254	9.5464172198226	35.7997399744796	4.45046243786404e-07	0.00195126075125711
"COL11A1"	-1.86416572556703	6.24668218991438	35.0103906614822	5.53450185766165e-07	0.00202212249539431
"COL6A1"	-0.97470695687185	10.2953313370889	31.7192171951646	1.41016398308075e-06	0.00441623069101373
"SMOC2"	-1.31367136748627	4.83987686337414	30.4150381494978	2.06834412182009e-06	0.00546814263154864
"ATP8B2"	-0.874679996638148	5.61169484603971	29.9655865210223	2.36428005899449e-06	0.00546814263154864
"COL5A2"	-1.06776647320862	8.83327443091719	29.7612309821231	2.51324054250674e-06	0.00546814263154864
"COL10A1"	-2.37333208895839	3.97901524158758	29.4687632822917	2.74379933158631e-06	0.00546814263154864
"COL16A1"	-1.26905811092803	7.51209568832784	28.5994858315665	3.56984676687299e-06	0.00604848371940551
"SCUBE3"	-1.93101764373042	4.90539889381112	28.5839229606257	3.58682092657018e-06	0.00604848371940551
"CERCAM"	-0.931326003398007	6.2132195644348	28.0401582214056	4.23643294885621e-06	0.00663364879320184
"APCDD1L"	-2.28558864887512	2.72806185488912	27.723216437846	4.67107792323641e-06	0.00682662468221258
"COL6A2"	-0.930401565902835	10.7125988361775	27.3242419263501	5.28580199082089e-06	0.00724220945267347
"FNDC1"	-1.77683820979102	6.49254353057844	27.0757880620211	5.71107140464815e-06	0.00736459454898217
"COL1A2"	-1.42087742175041	12.6077096577385	26.8848433291383	6.0622645527976e-06	0.00738316464035716
"MMP2"	-1.13725379815165	8.33287268072563	26.518969757164	6.8000933216211e-06	0.00784587609455672
"BGN"	-0.904515073336946	9.31264352568175	26.295955932678	7.2956038507059e-06	0.00799671138075874
"DKK3"	-1.36093952956013	4.14867958458975	25.0793582290153	1.07557886559935e-05	0.0107305814691339
"MAP3K12"	-0.838807835547108	4.76566445922173	25.052243034964	1.08501966141848e-05	0.0107305814691339
"DCN"	-0.875016425417374	5.86504376081729	24.9378285718629	1.1258250788709e-05	0.0107305814691339
"ADAMTS14"	-1.51987453249812	3.31508444889351	23.7587482900711	1.65377904136721e-05	0.0142324237809712
"KLF14"	4.72664275900879	-0.0237823962924644	23.7298466368667	1.66960031101599e-05	0.0142324237809712
"THY1"	-1.2930635382489	6.60222586854602	23.6965975042213	1.68799844131581e-05	0.0142324237809712
"ITGA11"	-1.17034431651871	5.00570148489686	22.9465866949988	2.16495123488676e-05	0.0175778003596991
"FN1"	-1.21055803691816	11.5452254997751	22.5965994015316	2.43419744250589e-05	0.0190580272623622
"CCDC177"	4.92973129264512	0.204658922469218	22.4073556836008	2.59424108549075e-05	0.019610673474527
"CILP2"	-1.62089730099389	5.74283167807189	22.1711520921525	2.80966446580806e-05	0.0205311548064814
"SUGCT-AS1"	-4.45700152251162	-0.478082134316439	21.8962895227928	3.08424064769859e-05	0.0218105559609189
"ENSG00000234405"	-4.06234426469858	-0.602220561541564	21.080225133609	4.07879686732541e-05	0.0279423077892212
"BPIFB4"	-3.2036655486599	1.15525622259616	20.7989191206161	4.49555618672303e-05	0.0288126632838291
"FKBP10"	-0.985370725306257	6.54092718486069	20.798544173271	4.49614064484531e-05	0.0288126632838291
"FADS2"	-1.0856044550528	5.74150223616023	20.7326008519315	4.60018481950838e-05	0.0288126632838291
"COL12A1"	-1.18579650060158	7.12440879950318	20.6515318677855	4.73157503064433e-05	0.0288126632838291
"COL1A1"	-1.58049172351435	13.4306784378996	20.4761691973392	5.02947841147679e-05	0.0290334361536257
"AIRN"	5.502922059987	0.295556102448128	20.4590031777148	5.05968170133245e-05	0.0290334361536257
"COMP"	-1.7550110121056	9.46751944387072	20.399895015936	5.1651492107992e-05	0.0290334361536257
"SEMA3A"	4.35162687894745	-0.0607301835061816	20.1393705661483	5.65832760401292e-05	0.0307440261275133
"DUSP26"	4.41763310590877	-0.317123141671526	20.093607603406	5.74995470863994e-05	0.0307440261275133
"IGFBP2"	-1.34918263373382	5.85190380731816	20.0177264040265	5.90534096693345e-05	0.0308230677802655
"SNED1"	-0.759305548873487	7.63103219059619	19.9178353468457	6.11665927277077e-05	0.0310365616557492
"TBX20"	4.64475625088501	-0.400914492957395	22.3189850660025	6.22939837995149e-05	0.0310365616557492
"VCAN"	-1.40439384321381	7.48275783315558	19.5363702377001	6.99976199608673e-05	0.034099729439603
"CLEC11A"	-0.91170635677587	5.8310631956863	19.2861617454623	7.65110685382551e-05	0.0357551186572904
"HP"	-2.09461363914012	6.60108488908927	19.2807894575735	7.66577217814364e-05	0.0357551186572904
"AHNAK2"	-1.03670282875355	5.4268517908768	19.0761407190294	8.247038935351e-05	0.0376649140709926
"FBLN1"	-1.18857543293978	7.89678213050656	19.0037096245862	8.46372653618556e-05	0.0378656761482163
"CHRNA3"	4.63047915903258	-0.0227421648724714	18.9224906065123	8.71384823863863e-05	0.0379996004821816
"MXRA5"	-0.877500917894664	7.0904238985254	18.8823451698317	8.84034132191981e-05	0.0379996004821816
"CHST6"	-1.75977234538258	2.95893540455358	18.5369521893173	0.000100118683301827	0.042207726448897
"COL18A1"	-0.780523595625852	8.82228847284582	18.449401510032	0.000103340615628521	0.0422189782940206
"FADS1"	-1.14384030489175	5.77818099203702	18.4319147047086	0.000103997118323014	0.0422189782940206
"P3H3"	-0.853214353873139	4.51074704683608	18.2175753668215	0.00011241037706304	0.0448047324722904
"STMN3"	-1.13152256768665	4.15110599734289	18.0956783699749	0.000117511994624669	0.04528634220193
"THBS2"	-1.353816744607	6.52734039934383	18.090121905719	0.000117750273949002	0.04528634220193
"SDK2"	-1.00182019572697	5.45689129055768	18.0034499928084	0.000121533621994358	0.0459355182993158
"OLFM2"	-1.01136577278496	4.8775528779085	17.8652908457538	0.000127831346649292	0.0474969284956913
