"genes"	"logFC"	"logCPM"	"F"	"PValue"	"FDR"
"ENSG00000249691"	-4.479778851364	-0.740603214590701	54.1870519356294	2.27753480356436e-10	5.76922341090887e-06
"SCUBE3"	-2.12031741178634	4.81411922398236	48.7666445042024	1.1451945708908e-09	1.45044618376174e-05
"ENSG00000286951"	-3.50079993614574	-0.870570593326645	46.7836513413692	2.10711665111618e-09	1.7791790629808e-05
"DUSP26"	4.20448480464274	-0.415161755119738	42.4930965833988	8.18106306298512e-09	4.6097534228682e-05
"ENSG00000260702"	-4.73549397562353	-0.625232896003676	42.1636673347112	9.09903561420434e-09	4.6097534228682e-05
"LHFPL3-AS1"	-4.18154330530283	-0.516523656500507	34.711028632773	1.10467667213922e-07	0.000458240080131227
"COL3A1"	-1.89780453665776	13.0161024143281	33.7733857791775	1.53225060231898e-07	0.000458240080131227
"BPIFB4"	-3.33508223863462	1.3089549352792	33.2075786053194	1.86952184559028e-07	0.000458240080131227
"THY1"	-1.42863951061406	7.02363005148536	33.1599256022146	1.9012101790718e-07	0.000458240080131227
"VCAN"	-1.24226964003059	7.53818511534942	33.0193381504977	1.99795810146995e-07	0.000458240080131227
"ENSG00000285672"	-4.17904052813802	-0.668254746915728	32.8451271987991	2.12491352997842e-07	0.000458240080131227
"SUGCT-AS1"	-3.89108342742352	-0.652596554113411	32.7847697446873	2.17081084898927e-07	0.000458240080131227
"MAP3K12"	-0.795719028012074	4.87585719125238	32.2266712888149	2.64673695284245e-07	0.000515726875018863
"KBTBD3"	3.47556372885962	-0.710733289463404	31.2266645003916	3.78633442131972e-07	0.000685083123046069
"RDH12"	-4.29446833236108	-0.786007837115451	36.6265035528463	4.55673306031763e-07	0.000769510701006039
"ENSG00000261482"	-5.13921057272677	-0.537458004086648	34.6192843986695	7.78255016775748e-07	0.00123212361437165
"RNF14P1"	-3.37474137629475	-0.841516848984708	28.5626155195184	1.00143976488717e-06	0.00149220415790334
"SNAP25-AS1"	-4.22613965364461	0.281634489585255	27.897372299749	1.28237915476349e-06	0.00165172469241435
"ENSG00000244062"	-3.62165962478932	-0.728377432960635	27.5870006107183	1.44009163382442e-06	0.00165172469241435
"KRT13"	4.17172933385017	0.381479046511278	27.5187358334935	1.47738204057469e-06	0.00165172469241435
"KCNIP1"	4.36794027672503	-0.444608184813268	30.7955056232767	1.48599635330795e-06	0.00165172469241435
"ENSG00000231977"	3.36400205623379	-0.733979554529812	27.3758660611671	1.55867876550442e-06	0.00165172469241435
"ENSG00000255741"	-2.939415126089	-0.887834401428503	27.0715235041616	1.74757932610393e-06	0.00165172469241435
"STMN2"	-3.17932606418149	1.01072784269805	27.0542094573348	1.75900990082455e-06	0.00165172469241435
"COL10A1"	-2.15050173921178	5.27877381301	26.9370455324031	1.83841115639229e-06	0.00165172469241435
"ENSG00000258736"	3.62878442236073	-0.583511339482679	26.8578021559378	1.89419820546855e-06	0.00165172469241435
"COL6A1"	-1.19202231325108	10.7718724050063	26.79854248358	1.93705397289591e-06	0.00165172469241435
"ENSG00000273058"	3.05849944351465	-0.322489065291409	26.7391777609823	1.98098747054904e-06	0.00165172469241435
"COL16A1"	-1.35638557356365	8.00507970906379	26.7305188648967	1.98748080031053e-06	0.00165172469241435
"MYO1A"	3.97213710784623	-0.546388074199467	29.8131494726449	2.00833341340018e-06	0.00165172469241435
"EMILIN1"	-0.925018726969774	7.969908862398	26.685787691516	2.02137560557597e-06	0.00165172469241435
"MIR5189"	3.53062456972115	-0.755476676857368	29.6521271094276	2.11083753547097e-06	0.00166811895099663
"APCDD1L"	-2.12867649864087	3.76717399031992	26.4945379212302	2.17314458106229e-06	0.00166811895099663
"ENSG00000229721"	3.25159211400779	-0.722572647968517	25.6904828320507	2.95136500293077e-06	0.00218917386727466
"FNDC1"	-1.62216376126243	7.17919894747519	25.5906225116662	3.06632330991267e-06	0.00218917386727466
"IGFBP2"	-1.17739399162854	5.94749411705202	25.494175690743	3.18173296738968e-06	0.00218917386727466
"ENSG00000250538"	-3.56649036150709	-0.94948430873431	29.5868400916852	3.19764056251875e-06	0.00218917386727466
"SAMD11"	-1.22584555481575	4.09669993904476	25.2137093950694	3.54344578154629e-06	0.0023620796076934
"FAM246C"	-4.03969281730066	-0.586412753835575	25.1113214131764	3.68582383231809e-06	0.00239242832309507
"COL11A1"	-1.79805023430389	7.55612455591403	25.0472765984729	3.77786636626279e-06	0.00239242832309507
"ENSG00000234471"	3.03503754196744	-0.883171016838175	24.9539713487506	3.91621799534501e-06	0.00241955409853864
"LRRC8D-DT"	3.32782071371034	-0.815456905500444	27.3436833371042	4.36555630622603e-06	0.00263295016173837
"LINC02465"	-3.55467748803814	-0.493399246738457	24.346338706051	4.95457016883282e-06	0.00291870271969079
"CNTNAP2"	-1.74577891648133	3.88156608395066	24.2325388876864	5.17863926614895e-06	0.00298136616479134
"COL5A1"	-1.34939000878247	10.4999742241598	24.1601190229735	5.32664382226391e-06	0.00299842699248371
"ENSG00000273855"	3.34641861838295	-0.477384978753738	24.1024793497305	5.44755270231496e-06	0.00299982516309435
"LINC01586"	-2.86510737677637	-0.866915753231747	24.0172345909377	5.63157403732217e-06	0.00303517876466825
"PRSS23"	-1.12695858901415	6.11283748787563	23.8547784656961	6.00021693621838e-06	0.00304631722533677
"ADAMTS14"	-1.42626527762769	4.11469430422782	23.8531704073743	6.00398765503532e-06	0.00304631722533677
"IGFBP4"	-1.01978893569642	9.62235309089924	23.8493218387521	6.01302203887878e-06	0.00304631722533677
"LINC01736"	3.20635536198026	-0.678508784904471	23.4631243933622	6.9947518831363e-06	0.00342444401650523
"COL6A3"	-1.50816774569127	10.6419811310228	23.3857703543597	7.21047620273326e-06	0.00342444401650523
"COL7A1"	-1.60735608591032	5.67816208169538	23.3264745463004	7.38047378635936e-06	0.00342444401650523
"ENSG00000283258"	-4.00635223302559	-0.376101659475614	23.3158237158013	7.41144393536222e-06	0.00342444401650523
"ACSM3"	3.56138223979918	0.959604981639826	23.1815891214748	7.8134470432459e-06	0.00342444401650523
"MDK"	-0.873544004399514	6.35140878785039	23.1251778295024	7.98902904803118e-06	0.00342444401650523
"SHISA5P2"	2.99035102859904	-0.866470916794116	23.1046280514741	8.05399679741079e-06	0.00342444401650523
"ENSG00000284952"	3.18056757622622	-0.841268344185835	25.2787749195197	8.54545360646911e-06	0.00342444401650523
"ENSG00000227698"	-3.26051927953091	-0.827112810644434	22.9294565110661	8.63038813291274e-06	0.00342444401650523
"ALPL"	-1.14715932474332	7.51349711053477	22.914349073542	8.68204884702176e-06	0.00342444401650523
"RN7SL20P"	3.20999322603425	-0.862589779890533	25.1970514946138	8.77953549997285e-06	0.00342444401650523
"OLFM2"	-1.05050043184081	4.67829289047189	22.8758918225038	8.81499850472059e-06	0.00342444401650523
"CSF3"	3.04441545272404	6.99431116235176	22.8582156607055	8.87680834682482e-06	0.00342444401650523
"ENSG00000286864"	5.04495906946015	-0.381123733300403	25.1472975070311	8.92532662126385e-06	0.00342444401650523
"DAPK1"	0.616931903472608	6.19491537073111	22.8128938834235	9.03733804483097e-06	0.00342444401650523
"TUBBP5"	3.45612566855589	-0.58359853386296	22.7997825016952	9.08433422642782e-06	0.00342444401650523
"NUTM2B"	-3.45215428386426	-0.329824544401961	22.7795024861845	9.15752211046072e-06	0.00342444401650523
"ENSG00000265477"	-3.32422765556745	-0.685438168083945	22.7697934952646	9.19277537887787e-06	0.00342444401650523
"ENSG00000273162"	3.06270571671147	-0.379089884289124	22.6227185402431	9.74424457836036e-06	0.0035772675277456
"ENSG00000231863"	-3.57820848179761	-0.310575958262621	22.4419679379951	1.04689879016915e-05	0.00378842760768211
"COL12A1"	-1.31940471693281	7.72352401121808	22.2691868354384	1.12137652813626e-05	0.00395786040533147
"PROM1"	3.77410523936651	-0.608296753962725	24.4401114430898	1.12952210676013e-05	0.00395786040533147
"ENSG00000287326"	-3.06447807182908	-0.688254210572633	22.2265231094953	1.14059377675259e-05	0.00395786040533147
"RPS10P21"	4.03341954845019	-0.677410939851019	24.3376587186415	1.16897702970976e-05	0.0039642779757711
"ENSG00000287913"	3.52677250842813	-0.720616648365148	24.3172576833006	1.17700442165775e-05	0.0039642779757711
"COL6A2"	-1.08661846972536	11.2081461582536	22.0983098611817	1.20041425726794e-05	0.0039642779757711
"ENSG00000286415"	-3.54133886536512	-0.559850742050731	22.0716048823242	1.21327568304907e-05	0.0039642779757711
"LINC01150"	3.30117806621364	-0.211361844355979	22.0563366764505	1.22069275634656e-05	0.0039642779757711
"CXCL1"	1.93305679969738	5.0359452492426	21.8941569131087	1.30242338546519e-05	0.00412970121511084
"ENSG00000227158"	3.21401764369853	-0.763828137792095	21.8906795565969	1.30423630022055e-05	0.00412970121511084
"ENSG00000235725"	-3.73261488940347	-0.591957756696026	21.8190159604516	1.34218280328065e-05	0.00419738673949411
"ENSG00000274977"	-3.64374182715063	-0.625164909737187	21.6694177163249	1.42510801833701e-05	0.00440236722103596
"ENSG00000226669"	-3.44692694929195	-0.749172630542541	21.5492900643895	1.4955110338853e-05	0.00456419156618657
"CKB"	-0.897531111886798	6.74223153500529	21.514501694714	1.51656168742218e-05	0.004573336202868
"ENSG00000226329"	-2.40516850138299	-0.944149354468095	21.42867651363	1.56981141266602e-05	0.00460559831320259
"SCG2"	-3.3190939066923	-0.444453094839455	21.3976826935538	1.58951181745995e-05	0.00460559831320259
"ENSG00000204876"	-3.30820701628849	-0.593982129931077	21.3859954170691	1.59700653884642e-05	0.00460559831320259
"FAM155A"	-1.71264332656345	2.1680929001946	21.3813637271625	1.59998678126338e-05	0.00460559831320259
"MATN3"	-1.83420371610583	3.57629227821192	21.3410529918306	1.62616788856351e-05	0.00462836615564071
"NR0B1"	-3.6015498214249	-0.593678772198046	21.2461766435085	1.6895458774126e-05	0.00475532073563763
"STC1"	1.87983091025547	4.1993625637909	21.1721131843579	1.74078725253372e-05	0.00477416617758663
"ATP6V1B1"	-3.27261943378518	-0.561563610601677	21.1622174641779	1.74775400856345e-05	0.00477416617758663
"ENSG00000283399"	3.42341640502063	-0.503554168999515	21.1280785045709	1.77200983476443e-05	0.00477416617758663
"HTRA3"	-1.07621639601612	5.63351011949084	21.1250590853336	1.77417177715738e-05	0.00477416617758663
"KMT5AP3"	3.1319387014627	-0.66224154881907	21.102407961601	1.79047722897134e-05	0.00477416617758663
"MIR593"	-2.46360075434106	-0.897372546302576	21.0547425741679	1.82529579209238e-05	0.00478164373013217
"COL5A2"	-1.22015462438351	9.58675991229073	21.0469760563729	1.83103486566982e-05	0.00478164373013217
"ZNF157"	2.85102043000915	-0.889488540724422	22.3908125922353	1.88928147701722e-05	0.00487709790066714
"ENSG00000254684"	3.32069706425108	-0.810837644367317	22.8498074997689	1.93702299060219e-05	0.00487709790066714
"ENSG00000261448"	3.17353461779608	-0.701624912506387	20.8983077774941	1.94455357269546e-05	0.00487709790066714
"CPXM1"	-1.69161266677635	5.29316256941732	20.8982475095691	1.94460103417702e-05	0.00487709790066714
"ENSG00000253174"	3.98418869933619	-0.74570399930568	22.6886260346813	2.04745520104907e-05	0.00508471448017392
"ENSG00000257373"	3.10046839725783	-0.843664899413814	20.7366411858626	2.0762638572983e-05	0.00510619803584693
"ENSG00000263338"	3.08637738218473	-0.879160077705053	22.4550984932016	2.21929742400603e-05	0.00536743177539563
"ACP5"	-1.14616335073097	7.23914157876899	20.5664790617381	2.22486414439438e-05	0.00536743177539563
"ENSG00000286909"	2.95723844693482	-0.905958513517925	22.3654624859415	2.2892118915185e-05	0.00547056853057124
"KCNIP4"	3.21183626712353	-0.800553801869909	20.2945205169483	2.48552554574826e-05	0.00588419136442516
"H2BC16P"	3.64879845311296	-0.807189421985456	22.0931145143648	2.51615452211943e-05	0.00590154724072289
"FBLN1"	-0.995856025944305	7.82121406588785	20.1344404921258	2.65348893316939e-05	0.00614704359930629
"NAIP"	-2.94235947025513	-0.754952661027855	20.1048051870076	2.68584595611184e-05	0.00614704359930629
"AMMECR1-IT1"	3.02749124173049	-0.91060640013216	21.8975033354763	2.69362377925466e-05	0.00614704359930629
"IGHV3OR15-7"	2.97569805133844	-0.890439745796168	21.8623318851435	2.72690050959599e-05	0.00616742114362287
"ENSG00000226767"	3.42913179797876	-0.835133321307402	21.7592636131829	2.82692048507672e-05	0.00633705511570606
"TUBB8B"	-2.84568347781746	-0.821497414175441	19.9577148512632	2.8525731491408e-05	0.00633846758253383
"ENSG00000287549"	-3.84949171728756	-0.381933851336156	19.9064429781568	2.91316823270933e-05	0.00641682300024
"PADI6"	2.79720740824092	-0.756938735508015	19.8770544057882	2.94849776874681e-05	0.00643865491207977
"MMP2"	-1.03265530810683	8.58407274795357	19.8507439169033	2.98050182185764e-05	0.00645291381619451
"LEXM"	3.15654589336243	-0.838683258935651	21.3975336597868	3.20947385350926e-05	0.00688341044000871
"CORO7-PAM16"	2.89724651880741	-0.740937951291417	19.6523302337209	3.23368932281014e-05	0.00688341044000871
"IGKV6D-21"	2.89898204973229	-0.928621430141152	21.2831615518903	3.34142641156359e-05	0.00705347270260977
"ENSG00000231412"	2.77246395854277	-0.948941129412961	21.193214904717	3.4491881244585e-05	0.00717861902524494
"ENSG00000286378"	-2.3605094403087	-0.944507700943069	19.4899264011981	3.45739023757405e-05	0.00717861902524494
"ENSG00000227544"	3.44109553722599	-0.636017154275459	19.4629313788911	3.49609380124458e-05	0.00719996358368509
"HP"	-1.96584536167445	5.82350131864555	19.422909912204	3.55429800232185e-05	0.00726080021748507
"HAGLROS"	-3.10210562710967	-0.339451994924145	19.3799841429375	3.61783795631322e-05	0.007305999965441
"TMEM92-AS1"	3.45963488333611	-0.720932836759016	21.0455203576077	3.63410838753135e-05	0.007305999965441
"ROR2"	-1.03186839272746	4.64402385009008	19.2509273456687	3.81602236105666e-05	0.00758416262187221
"ANTXR1"	-0.744341545695559	5.94950125399647	19.2406042770017	3.83235093600585e-05	0.00758416262187221
"LINC02176"	2.66539825744746	-0.912812268010232	19.1493263897374	3.97990431856707e-05	0.00777293239671563
"ENSG00000268889"	2.86391214532407	-0.91521790368733	20.7725065648991	4.00381878265032e-05	0.00777293239671563
"NME8"	3.16323410577531	-0.911146462855272	20.7613123273028	4.01979449674213e-05	0.00777293239671563
"ASCL4"	-3.53179298404766	-0.402977893104754	19.0898151585941	4.07925088692888e-05	0.00782814425884813
"ENSG00000240975"	3.60189461257849	-0.791959034471904	20.6692302192286	4.15377111592755e-05	0.0078670964400714
"RNVU1-21"	3.28079331763046	-0.902003757253193	20.6639034175951	4.16166327018107e-05	0.0078670964400714
"KANK1P1"	2.85519713594974	-0.9180547850885	20.6229111518313	4.22292553935177e-05	0.00788914218094723
"THBS2"	-1.40951864408635	7.27696241306861	18.995515538475	4.24194194678889e-05	0.00788914218094723
"ENSG00000280023"	4.20219822263204	-0.684947937890804	20.5939623703825	4.26675803872635e-05	0.00788914218094723
"ENSG00000230707"	3.26553761287023	-0.716250224243442	18.9238585782319	4.37003488142468e-05	0.00798006390138982
"COL5A3"	-0.855496461547855	7.87445249024243	18.9189586494239	4.37893838495593e-05	0.00798006390138982
"ENSG00000275210"	3.09937432317397	-0.831089634826992	20.3458317366879	4.66260953429382e-05	0.00813980652202905
"EDIL3"	-1.21975144133135	4.81533043644327	18.7635035217168	4.6713458598162e-05	0.00813980652202905
"OLFML2B"	-1.10749222398156	7.33242018457106	18.7530108538292	4.69179399963415e-05	0.00813980652202905
"ENSG00000234426"	3.30201932203661	-0.525126608106071	18.7500086613087	4.69766165527518e-05	0.00813980652202905
"ENSG00000279913"	2.44165196285836	-0.944014218484486	18.747292634998	4.70297653413225e-05	0.00813980652202905
"RBM17"	0.607258089239641	5.04381766662436	18.7424086837862	4.71254934840715e-05	0.00813980652202905
"MXRA5"	-0.988536803111517	7.66050790896036	18.7300777784076	4.73680815967813e-05	0.00813980652202905
"ENSG00000259683"	-3.01945222827302	-0.642962821621642	18.7209919923623	4.75476520243223e-05	0.00813980652202905
"ENSG00000225727"	3.11591621156813	-0.895645244352542	20.2906306252847	4.75579868643283e-05	0.00813980652202905
"SIGLEC5"	3.35713767906025	-0.828670886597281	20.2250221896775	4.86910259620807e-05	0.00826406746325397
"HNRNPA1P9"	4.51151000697907	-0.625840310144821	20.2083758928567	4.89829798710053e-05	0.00826406746325397
"DCAF4L2"	-3.23432563488164	-0.635596636500791	18.6263899604296	4.94596203969011e-05	0.00826406746325397
"FAM27E3"	3.11374794314589	-0.91850552347855	20.1741536560809	4.95889721848566e-05	0.00826406746325397
"ENSG00000227482"	3.22142973098642	-0.890408577981729	20.1235952461712	5.04986608189901e-05	0.00836066390330614
"ENSG00000229782"	3.4961785847725	-0.82742383592351	20.067249563855	5.15331267496746e-05	0.00847653008893511
"ENSG00000236543"	3.5640568922052	-0.534727972539804	18.4988483283683	5.21636635670603e-05	0.0085203019076274
"BTG2"	0.44246148332676	8.96354868784462	18.4531974126742	5.31682010585264e-05	0.0085203019076274
"KIAA1755"	-1.18555707792398	4.53856668902506	18.4521191366401	5.31921681153552e-05	0.0085203019076274
"MFAP2"	-1.63420809257975	2.91729590644064	18.4412463247933	5.34344641212851e-05	0.0085203019076274
"ENSG00000260188"	2.56371633861408	-0.974953747914357	19.9642983200497	5.34810312783844e-05	0.0085203019076274
"CHPF"	-0.917960523861761	6.89214979580204	18.3531346613721	5.54404959641088e-05	0.00873009167769953
"MYG1P1"	2.73781722069274	-0.966569524152347	19.8623010665994	5.54871406620198e-05	0.00873009167769953
"C12orf50"	-2.90552144953762	-0.790212510457754	18.2814660527507	5.71294069293504e-05	0.00893299386992207
"RARRES2P5"	4.09309814620046	-0.679394160681079	19.6746191565775	5.93874360239227e-05	0.00922909903019623
"HERPUD1"	0.446081294419549	7.25403014128558	18.1558398974897	6.02191189155735e-05	0.00929736419783275
"IGHV3OR16-9"	2.74501595427884	-0.974821824459542	19.6206798980905	6.05607789918441e-05	0.00929736419783275
"F2RL3"	1.82434260711191	6.43137456272747	18.1090053117482	6.14146728089293e-05	0.00935051394500515
"ENSG00000257023"	2.77989386463125	-0.860134621191622	18.0840291118027	6.20622321171508e-05	0.00935051394500515
"ENSG00000285933"	3.05946039259991	-0.886303102819722	19.5357421546891	6.24579613586862e-05	0.00935051394500515
"HABP2"	3.3254237709894	-0.818128219972491	19.5171343314999	6.28818494069311e-05	0.00935051394500515
"NAP1L4P1"	2.84695095979994	-0.74655489780943	18.0356726309945	6.33360776247386e-05	0.00935051394500515
"ENSG00000250105"	-2.87402505509977	-0.845303041721985	18.0340896101935	6.33782320668721e-05	0.00935051394500515
"ENSG00000260955"	2.77566748658587	-0.949388079681775	19.4906265409817	6.34909162110018e-05	0.00935051394500515
"CCDC110"	-3.15036943452202	-0.727810897131484	18.0027959461192	6.42175248601361e-05	0.00940285619787345
"TENM2"	-0.979713573090835	3.70765121131648	17.9653889372959	6.52358472483145e-05	0.00949706463590261
"KIR2DP1"	2.85189025364864	-0.934280629937114	19.3956174494032	6.57252428508775e-05	0.00951363500946045
"ENSG00000288703"	2.63554411132178	-0.735696546308165	17.9148546358679	6.66380602206108e-05	0.00959095854231985
"LINC01659"	-3.24188867435928	-0.594272026007313	17.8932116539057	6.7248083370488e-05	0.00962407457546798
"ENSG00000261542"	3.10227565779594	-0.943664781713921	19.3049316267987	6.79348956422406e-05	0.00966774630063818
"RCN3"	-0.818185231144511	6.60980910521938	17.8226849068835	6.92762274273054e-05	0.00980355372603951
"ENSG00000267601"	-2.63248189981844	-0.858545736822155	17.8072795949461	6.9727578839569e-05	0.00981260721991734
"ALX4"	-1.24757024950143	4.40819354888965	17.792260823352	7.01705274392658e-05	0.00982038469924885
"ENSG00000230733"	-2.63342533153724	-0.716853824466667	17.714684378612	7.25051787733439e-05	0.0100913663928988
"CRYGD"	2.74254573762201	-0.961860015863479	19.0370149719724	7.49298484032977e-05	0.0103294904650052
"CEBPB-AS1"	1.7674138745753	1.30288897281214	17.620660808922	7.54426577020251e-05	0.0103294904650052
"MTDHP3"	2.74075948074584	-0.963023465006568	19.0154700971807	7.55242418960439e-05	0.0103294904650052
"ENSG00000238094"	3.16904240007126	-0.867871285165408	19.0038386085809	7.58471922344546e-05	0.0103294904650052
"SFRP2"	-1.58904096605299	4.40969284180789	17.5395537741724	7.8075219551228e-05	0.0105760608901185
"RN7SL459P"	-3.58395372090479	-0.475120623220065	17.514038795172	7.8922845859702e-05	0.0106340138748517
"IGHV3OR16-8"	3.00997782082333	-0.613218523661308	17.4818059898274	8.00072413645407e-05	0.0106441599368894
"C1QTNF6"	-1.00080622408664	4.95329467093205	17.4642642633356	8.06038419000564e-05	0.0106441599368894
"AEBP1"	-1.1414962249912	9.35971363323558	17.4628770032331	8.06512186399799e-05	0.0106441599368894
"ENSG00000285215"	2.78880114027114	-0.851065734523372	17.4620651183577	8.06789588994811e-05	0.0106441599368894
"HBZP1"	2.60738322299127	-0.969096296564465	18.6191691286453	8.73863700081457e-05	0.0114016777707002
"SRRM3"	-1.21385732935939	2.64026421954862	17.2693946075613	8.75488050287595e-05	0.0114016777707002
"ENSG00000259251"	3.15620916482139	-0.58328957539464	17.2614687582184	8.78440144067925e-05	0.0114016777707002
"ENSG00000250748"	-3.23300747203191	-0.582533280870238	17.2513844102981	8.82211062752057e-05	0.0114016777707002
"ENSG00000276216"	2.64639112272038	-0.920115626461681	17.2392024601367	8.86788651341903e-05	0.0114026615873816
"LINC02690"	-2.82235343179731	1.95627573555937	17.2165314938532	8.95373072406504e-05	0.0114548966147117
"NXF3"	3.02419603179419	0.288515100766049	17.1561211414154	9.18669022367985e-05	0.0116308652876736
"ENSG00000263063"	2.54268138498965	-1.00479667975253	18.4788930944587	9.20404170800807e-05	0.0116308652876736
"AIRN"	3.5575981089644	-0.0944715252655405	17.1453134071321	9.22902342119301e-05	0.0116308652876736
"TBC1D3B"	2.98325049909565	-0.679349699426809	17.1136229790429	9.35431769541292e-05	0.0116823196623011
"ENSG00000286684"	2.51601634354807	-0.900657937449606	17.111671729715	9.36208950079794e-05	0.0116823196623011
"SCARF2"	-0.835179709558477	6.08184677902734	17.0955850938568	9.42641698297692e-05	0.0117049298331269
"ENSG00000264860"	2.70184710079123	-0.839414058154061	17.0619306625172	9.56247507891998e-05	0.0117890783561555
"TAC3"	3.24534606158234	-0.498019407623486	17.0525900576979	9.60059556943378e-05	0.0117890783561555
"RRM2P3"	2.72801684112898	-0.847602369244255	17.0444838870116	9.63380529676754e-05	0.0117890783561555
"SCNN1B"	1.17788638677098	4.1140882919724	16.9725412123079	9.93379196004899e-05	0.0120833785915216
"ENSG00000287727"	3.21355880866825	-0.929765188044798	18.2559673268481	9.99790743505641e-05	0.0120833785915216
"CAVIN2"	0.805780702887756	6.96372610005397	16.9528880086935	0.000100174075410348	0.0120833785915216
"CD5L"	3.05470899573058	3.23502884137905	16.8914918236801	0.000102833330419931	0.0123453606297027
"SNRK"	0.542649059743963	5.83530060250562	16.8780386045678	0.000103425703403227	0.0123579079854111
"ENSG00000235286"	2.60362200068499	-0.875595472698783	16.8444472506143	0.000104920232404065	0.0123879704678406
"UNC5A"	2.18634466216878	0.924145509962717	16.8398848852553	0.000105124932049799	0.0123879704678406
"ENSG00000284779"	-3.05527973760214	-0.442354625429385	16.8390360815341	0.000105163060800373	0.0123879704678406
"GLCCI1-DT"	-2.78052170311579	-0.769378081760672	16.8285899591859	0.000105633477598736	0.0123879704678406
"ENSG00000259039"	-3.28805855684393	-0.522766451310079	16.7848409336008	0.000107627342038217	0.0125636322634566
"CHIA"	-2.48545477614979	-0.815931355843106	16.7559479905596	0.000108965411980523	0.0126614809673331
"CALHM3"	-3.08363633860366	0.175909553160879	16.7406578351748	0.000109680458141795	0.0126863729917343
"ENSG00000269246"	3.22257373535894	-0.249097167639354	16.6978922120817	0.00011170623986763	0.0128619580094861
"LINC00469"	3.12531286397684	-0.768979148413319	16.6551259883988	0.000113770711445295	0.0129167841097491
"MMP14"	-0.853867210602417	8.19531685676354	16.6400507831867	0.000114507801306261	0.0129167841097491
"ZNF469"	-0.870126803093221	5.77662842764471	16.6372177391966	0.000114646870228827	0.0129167841097491
"ENSG00000176984"	-2.96316028168963	-0.408551915679932	16.6366794228278	0.000114673314903377	0.0129167841097491
"TNNI3"	3.3407369261667	-0.644374539794999	16.6354851611787	0.000114732005238386	0.0129167841097491
"ENSG00000272502"	2.7798080372731	-0.26043260878996	16.6087902348846	0.000116052018127645	0.0129360787699187
"FADS1"	-0.841490361521189	5.39213857003129	16.6026216540245	0.000116359267238887	0.0129360787699187
"ENSG00000235563"	-2.78483562667077	-0.59890575681859	16.6010950855807	0.000116435433245489	0.0129360787699187
"BMP1"	-0.682505153888976	6.70860419424387	16.5735355714768	0.000117819367260309	0.0130326742011829
"POTEE"	-2.69747054139415	-0.0603796753430747	16.4825487167401	0.000122510227457284	0.0134350627170361
"STX11"	0.703758259832368	6.25595260270365	16.4674652688249	0.000123306305541109	0.0134350627170361
"ADGRL1-AS1"	1.17408402268885	2.20192610903666	16.4629928153153	0.000123543379310523	0.0134350627170361
"ENSG00000267868"	2.87075061535554	-0.756512526259189	16.4578257197738	0.000123817860541626	0.0134350627170361
"TGFBI"	-1.11065024668563	8.37063765703235	16.45235824522	0.00012410898408221	0.0134350627170361
"GLRX5P3"	2.58563278318231	-0.975598276142856	17.6481462986655	0.000125494367479635	0.0135272247771346
"OPCML-IT1"	-3.51968811773151	0.00716974864804164	16.3386371453468	0.000130327195923986	0.0138858668202906
"COL18A1"	-0.695701286857011	9.22151354744132	16.3378361415495	0.000130372117758662	0.0138858668202906
"LINC02371"	-2.63892910812708	-0.727661221123025	16.3196107417433	0.000131398566504417	0.0138858668202906
"ENSG00000269976"	-2.59164540262871	-0.747712367545966	16.3184815884188	0.000131462434001963	0.0138858668202906
"ENSG00000254605"	-3.16591531318652	-0.571545203335378	16.316714748875	0.000131562434837541	0.0138858668202906
"GAS2L1P2"	-3.26210674464226	-0.285169821078547	16.3053166634441	0.000132209442885472	0.0138962547623729
"FADS2"	-0.72635663487477	5.63068575161047	16.2737872571727	0.000134016372919543	0.0139845515941376
"ENSG00000241870"	-2.95960467817102	-0.722037819684455	16.2714099092642	0.00013415364720601	0.0139845515941376
"ENSG00000280029"	-3.45152231702158	-0.530540677056054	16.2437562108498	0.000135761156269679	0.0140500128596812
"BRI3P1"	-2.56237780949354	-0.726222357966468	16.2343967756584	0.000136309715631118	0.0140500128596812
"ENSG00000267688"	-2.87438503422422	-0.705251469634376	16.2320845712635	0.000136445586967809	0.0140500128596812
"CERCAM"	-0.918288431538745	6.93383937133147	16.2018869288493	0.000138232980850723	0.0141764357810918
"NAMPT"	0.606352932137673	7.56356491488972	16.1840220153452	0.000139301771946766	0.0142284402628368
"IGKV1D-8"	2.66020414835248	0.398780161120077	16.1661466528351	0.000140379733688274	0.0142809599761352
"PGR-AS1"	2.56120026108422	-0.666296500637757	16.1442618398621	0.000141711225044893	0.0143587481664488
"ENSG00000285552"	3.19967404338648	-0.734911818606404	16.1263979460969	0.000142807747419311	0.0144122033859704
"LINC00904"	-2.89814918813757	-0.746701497622674	16.077518330687	0.000145853103706839	0.0146490131407427
"AOX2P"	3.02234540992395	-0.521989335177322	16.0702623979073	0.000146310857234531	0.0146490131407427
"ENSG00000279137"	-2.81669405909396	-0.487349517131145	16.0097279959194	0.000150188097954041	0.014964931342945
"ALG1L6P"	2.56116917905452	-0.995478664537973	17.1358349775983	0.000152298565316486	0.014964931342945
"SEZ6L2"	-1.35369413857055	3.29751168762815	15.9764052704695	0.000152367570223475	0.014964931342945
"HIPK2"	0.570524350759451	7.97659812302688	15.9713424049301	0.000152701554982911	0.014964931342945
"ENSG00000197210"	-3.25791109510434	-0.614305898028279	15.965413386924	0.000153093639315465	0.014964931342945
"ENSG00000272839"	2.17170948794516	-0.995871479106	15.9603087632832	0.00015343203980272	0.014964931342945
"MIR1229"	2.88096808467446	-0.616933238876772	15.956962731431	0.000153654277267071	0.014964931342945
"B3GALT5-AS1"	-3.11238019138932	-0.593983032387934	15.9488817186492	0.000154192376159988	0.014964931342945
"ENSG00000230536"	3.03203529163081	-0.755053250883473	16.3445551135405	0.000155194687422647	0.0150047199507751
"GMCL2"	-3.0148481329918	-0.708061903254455	15.914688746516	0.000156490854653847	0.0150725088944358
"PLOD1"	-0.630188365668652	6.8748410670437	15.8915910346443	0.000158063507778965	0.0151663133164734
"CX3CL1"	1.32044441868772	6.82023121996737	15.8604522631091	0.000160209536322605	0.015314217979577
"ATF4P4"	3.26528463992538	-0.687654204265079	15.8206769698938	0.000162994639901568	0.0155218692607016
"KIF26B"	-0.970912559150735	4.4624200341657	15.7927005297229	0.000164983504215574	0.0156524237651113
"LINC02275"	2.56151084760412	-0.879072171885776	15.7452482723135	0.000168414445037962	0.0159183071166291
"CPB1"	3.07207175286942	-0.760884385140555	15.7024444166841	0.00017157252958585	0.0161389166796715
"SULF1"	-0.964544029331484	5.56416231432773	15.6964090355327	0.000172022719336438	0.0161389166796715
"EEF1B2P2"	-3.49241900913491	-0.405966669355479	15.6778529504764	0.000173414510933746	0.0162094574777222
"ADAMTS2"	-0.772408667676717	7.43234532756061	15.6604172009307	0.000174732875703101	0.0162726414501296
"ODCP"	-2.50528373671086	-0.801230896688594	15.5011869620383	0.000187262681942209	0.0173756446750114
"ZNFX1"	0.470828218506227	6.88152461963185	15.4905593430396	0.000188131335068092	0.0173925359438316
"FATE1"	2.697065035496	-0.680743237492614	15.431681141577	0.000193019785320138	0.0177795788434343
"OR1F12"	3.19724566674204	-0.594133105755438	15.3999387472438	0.000195709521732525	0.0179620213587195
"H2BC6"	1.83731704479561	6.45570018566464	15.37010834154	0.000198272553927901	0.0181162665896645
"MMP9"	-0.971779629556249	9.03458447016399	15.3562328997657	0.000199476529545925	0.0181162665896645
"ARSI"	-1.72583226491584	2.43788653887572	15.3555534105116	0.000199535682701685	0.0181162665896645
"C12orf71"	3.03019533763065	-0.730208605272941	15.2848604429617	0.00020579002259953	0.0186173823659596
"RN7SKP247"	-2.91320457575701	-0.530588580236421	15.2699288649643	0.000207136765570492	0.0186725317034382
"SEPTIN8"	-0.477051697130216	5.35826828622127	15.2466435803494	0.00020925517123032	0.0187966054696285
"INTS9-AS1"	3.27557700505936	-0.441809354620426	15.2286016027121	0.000210911949782187	0.0188784826852741
"LINC01249"	2.92282615948568	-0.816739823753368	15.1864816365867	0.000214832771868862	0.0191617216345428
"SEPTIN12"	2.60382880738081	-0.870916225773923	15.1680961837096	0.00021656776468169	0.0192486949022873
"UGT2B15"	-3.10242412867053	-0.438398267398555	15.1477830308049	0.000218501519438664	0.0192617136969474
"ENSG00000253577"	-3.28277560009106	-0.240146950124961	15.143195550318	0.000218940699656675	0.0192617136969474
"LINC00971"	-3.1511916921715	-0.162841800844645	15.140017964161	0.000219245439113297	0.0192617136969474
"H3C12"	2.24470244310093	5.49077400111245	15.13250951756	0.000219967263448947	0.0192617136969474
"EXOSC10-AS1"	3.24142510307197	-0.671582558466328	16.157312425569	0.00022051624381646	0.0192617136969474
"SHISAL2B"	-2.89512512967246	-0.608368489604656	15.082247866653	0.000224862852930647	0.0194921163136454
"SRRM1"	0.433674117610206	5.74457968330669	15.07896509018	0.000225186494456833	0.0194921163136454
"ADAM12"	-0.981686073544679	5.03117064778133	15.07616955079	0.000225462479961237	0.0194921163136454
"PDGFB"	0.842429610152888	6.71212312150181	14.9965784447619	0.000233468453467558	0.0201156101863494
"RAB9B"	2.30851230818171	-0.958850065955572	14.9721227047257	0.000235987006935832	0.0202636843142086
"RNU6-36P"	2.7016503042361	-0.769725054302628	14.9578075710699	0.000237474254048533	0.020275647934878
"H2BU1"	2.12629825707228	4.41152039618397	14.9553822265529	0.000237727189477666	0.020275647934878
"PAX3"	2.84095379274986	-0.489865746856282	14.942583562389	0.000239066562448987	0.0203214600449506
"ENSG00000273675"	-3.16968534355604	-0.462377549384945	14.9339377107202	0.000239975758612308	0.0203305215431719
"AGT"	-0.937756236780156	6.33116975762807	14.8949397143374	0.000244121422172719	0.0206127991501905
"MIR3976HG"	-2.94808406439676	-0.698795998586789	14.8828057987732	0.00024542635920597	0.020654136561616
"ZPLD2P"	-3.10753609707583	-0.768730549066619	16.7314827009154	0.000250052434830741	0.0209107124838879
"IGDCC4"	-1.35195554737776	3.12324051450608	14.8396508717694	0.000250126164881688	0.0209107124838879
"HOXA-AS2"	-2.41056340326446	2.45977338018838	14.8227430443461	0.000251992798749725	0.0209439607337111
"LCP2"	0.914684154648676	6.69591708961049	14.8210771607004	0.000252177490970822	0.0209439607337111
"HNRNPA1P24"	-3.31898442533654	-0.706691072579123	18.9511740971889	0.00025541544448637	0.0211061522663476
"MRC2"	-0.75282377543604	9.45724680194196	14.7886839122074	0.000255796800196152	0.0211061522663476
"SMARCAL1-AS1"	-3.10660077646793	-0.194312810821422	14.733482379141	0.000262088729042488	0.0215550960888807
"C1R"	-0.71470705369651	7.51979542859026	14.7050886669729	0.000265387181916934	0.0217557369098313
"KRT75"	-2.42306207130261	-0.771613729729928	14.6495463632529	0.000271964125589825	0.0222110293383314
"CXCL14"	-1.03060883028675	5.41216743927408	14.6431699640604	0.000272729885509843	0.0222110293383314
"H2BC10"	1.64925708787421	5.89077950225	14.6361827635479	0.00027357155870512	0.0222110293383314
"ENSG00000230212"	-2.90171827267542	-0.50031893236353	14.6121660795411	0.000276485129719268	0.0223758620476638
"KCND2"	-2.66440716840154	0.129953753365651	14.5983968322588	0.000278169990771751	0.0224405224084051
"SCRT2"	3.02820915090649	-0.485137353005238	14.5880648453341	0.000279441224228295	0.0224715100029427
"IL11"	-1.94127639395424	4.02039782274728	14.5791153467213	0.000280547213109975	0.0224774926737639
"CD83"	0.618858935563978	6.71646887783573	14.5731226762301	0.000281290323223843	0.0224774926737639
"ENSG00000239246"	2.8210997960727	-0.778352370696593	14.5499147777562	0.000284187433771804	0.0226375845436275
"ELFN1"	-1.15756434718088	2.87288743030583	14.4671671105332	0.000294770661878423	0.023378501088388
"ERICH3"	2.69077278025805	-0.627323893853942	14.4628445469261	0.000295334584038694	0.023378501088388
"ZFP64P1"	2.56745857956595	-0.734102372374339	14.422428779358	0.000300661522720775	0.0237260343677257
"SOAT2"	-2.67166495323338	-0.572156042140522	14.3642359828991	0.00030850666722061	0.0242695105197679
"ENSG00000255400"	-2.85598878542084	-0.181446810339993	14.3493871681781	0.000310542178975141	0.0243540059926294
"ENSG00000233406"	-2.89382359018796	-0.583534917497788	14.3214140447124	0.000314414619418184	0.0245815948286482
"PDXP-DT"	2.25492199120825	-0.914842562064327	14.2912822612709	0.000318641806600681	0.024835432624621
"BNIP5"	2.78692367762289	-0.653092795577029	14.2723202353487	0.000321332083136789	0.0249682914047178
"FBXO7"	0.637775833086363	5.68401934126089	14.2425447283549	0.000325604046898395	0.0252228627277775
"LRRC3C"	2.71675216510838	-0.788025629594323	14.2175178937647	0.000329240129351972	0.0253159969333069
"COL1A2"	-1.17764816696239	13.3115926867189	14.2165724367294	0.00032937831273145	0.0253159969333069
"C15orf39"	0.465910767641729	7.24822005959205	14.2118041612272	0.000330076135287091	0.0253159969333069
"OTOP1"	-3.210641456964	-0.398612889449929	14.2068420083469	0.000330803955032356	0.0253159969333069
"ACTG1P9"	-2.89445745093767	-0.639293647078833	14.184195664335	0.000334146724404412	0.0254947911924342
"ENSG00000273816"	-2.43113680184229	-0.765799295692761	14.1565225561419	0.000338278967888285	0.0257325661729073
"SIRPD"	2.73302128717164	-0.56952560982952	14.1452382117118	0.000339979123273467	0.0257844645857491
"PPP1R14C"	-2.16543913679059	1.51770079474857	14.1324726571375	0.00034191310430873	0.0258537338664013
"ENSG00000259793"	2.51220262966838	-0.845658786037511	14.1109887440929	0.00034519364840149	0.0260241080585064
"GREM1"	-1.33298237259495	3.16569458432585	14.0611045083009	0.000352937033534468	0.0263533086034645
"CTHRC1"	-1.4167980415734	3.77652532472804	14.0602617427114	0.000353069386200667	0.0263533086034645
"PNPLA3"	-1.45394889366781	2.06009252599189	14.0583231242615	0.000353374032709927	0.0263533086034645
"TINF2"	0.392964647536309	5.95584873575319	14.0542729223978	0.000354011384320686	0.0263533086034645
"ENSG00000287964"	-2.66710935283788	-0.7475097161147	14.0495121157884	0.000354762079419738	0.0263533086034645
"TULP2"	2.36131991945686	-0.804903649413017	14.0350052623396	0.00035705972422714	0.026402358021201
"FAM178B"	1.80535438575894	2.63712362875733	14.0321927387424	0.000357506959901779	0.026402358021201
"ENSG00000279209"	-2.55971372902336	-0.792879842501229	14.0193148731611	0.000359562157288613	0.0264769447856915
"PTK7"	-0.699010153527856	5.99118224238065	14.0009894063907	0.000362507838493257	0.026595923732105
"PF4"	2.43288523252601	4.4156007854035	13.9962248503402	0.000363277786558301	0.026595923732105
"CGREF1"	-1.02183364981036	3.6024427630227	13.9733313161417	0.000367001024968494	0.0266992041748068
"CACNA1B"	-2.13642900686413	1.71711365346733	13.9726542035828	0.000367111744789548	0.0266992041748068
"MPP7"	1.3859149096299	2.62160480495736	13.9681414107457	0.000367850549011393	0.0266992041748068
"ENSG00000227301"	-2.60898547447425	-0.790448745193589	13.9496174740481	0.000370899316012375	0.0268435730683128
"HHIPL1"	-1.20925923442638	5.31847677553313	13.9316329303582	0.000373884322101287	0.0269825178437256
"KLF3"	0.542535405367676	5.45602164316339	13.922262489307	0.000375449429551321	0.0270184928976265
"CTSK"	-1.01569975606773	6.32440824855063	13.9091871566944	0.000377644686326897	0.027099483142625
"ALMS1-IT1"	2.37585850449909	-0.869990247917223	13.8938052757356	0.000380244205924581	0.0272089434471061
"ENSG00000257002"	-2.24676245930509	-0.821967573906813	13.8848917091273	0.000381759053535127	0.0272403903805586
"XRCC6P4"	-2.86253686800746	-0.557496557877867	13.8719657822099	0.000383966896652416	0.0273209703907369
"COL4A2-AS2"	-2.48221596702145	0.543511141150401	13.7951029584384	0.000397371329113708	0.02811272689824
"ENSG00000282907"	2.720906018318	1.95699901048393	13.789430263502	0.000398379604693836	0.02811272689824
"RBM46"	-3.22475984170782	-0.22101689830172	13.7891144056036	0.000398435823615671	0.02811272689824
"ENSG00000269086"	-2.64529885167304	-0.520316343388033	13.7829568028579	0.00039953344452909	0.02811272689824
"DGKI"	-1.26151735705497	2.67872511549476	13.7503723978633	0.000405394071918113	0.0284460865256447
"TFAP2D"	-2.73343996579905	-0.18527826401935	13.7048898391156	0.000413723679459488	0.0289007897885975
"CSMD2"	-1.43563688865151	3.655513992393	13.7025549244854	0.000414156041737827	0.0289007897885975
"SMO"	-0.636130051266317	5.38565312065358	13.6866421128807	0.000417115137424476	0.029027317434339
"MPL"	1.90199450041603	1.61466160825422	13.6740960313344	0.000419463586300462	0.0291107728892521
"ENSG00000254397"	2.84448796241134	-0.769341076822839	13.6508030615942	0.000423860051925938	0.0292843449874938
"SPOCD1"	-1.32024676095248	3.11839355950662	13.6439767475045	0.000425157508869377	0.0292843449874938
"SRSF7"	0.460508094841933	5.9006210368528	13.6425309850176	0.000425432827578766	0.0292843449874938
"ENSG00000233902"	2.04216638813645	-0.973784536209615	13.6154443182834	0.000430625230707417	0.0295614301329257
"MAGED1"	-0.633099714183235	6.93557698787358	13.5908158484085	0.000435403332513593	0.0298086535564914
"ENSG00000279753"	2.77744747988035	-0.671726107146218	13.5761472645991	0.000438275182173695	0.0299243898642638
"CXCR2P1"	2.75348046554532	-0.201883141575249	13.5590773197305	0.000441641870207035	0.0300200244739556
"HSF1"	0.35135836720595	7.06708396343766	13.557036960424	0.00044204607511687	0.0300200244739556
"ACHE"	1.70501397130208	3.87800156186715	13.5048608336547	0.0004525135427908	0.0306487180546357
"METTL11B"	-2.9987471838809	-0.38214041736174	13.4840934738258	0.000456750917536463	0.0308140636218859
"ENSG00000280425"	-2.42865562143835	-0.840148676839039	13.4809898306063	0.000457387703676488	0.0308140636218859
"OR8B9P"	-2.50985513522488	-0.621407515274054	13.4343741759505	0.000467063332644473	0.0312746265834578
"PRRX1"	-0.921170173616757	5.28330446808793	13.4321390788629	0.000467532541567488	0.0312746265834578
"HTRA4"	2.11425487413247	2.22748086370184	13.4270905821944	0.000468594157529217	0.0312746265834578
"ENSG00000226355"	-2.60799347236228	-0.503387289775418	13.4243921751378	0.000469162611097626	0.0312746265834578
"SERPINH1"	-0.553644684560506	8.5976942672024	13.417511880246	0.000470615264563372	0.0312891214347894
"ADM"	0.663179579613615	6.50564327248299	13.3976667719372	0.000474831346508845	0.0314867875351193
"PRSS51"	-2.41249739936575	-0.905062544438567	15.0680249009554	0.000479819139378728	0.0317344611477874
"THY1-AS1"	-2.54306280102712	-0.848602211022771	13.3665857881427	0.000481513211748039	0.0317635707468478
"ENSG00000261118"	-2.45112165836339	-0.486887669376793	13.3389492886904	0.000487536312275219	0.0320548803165946
"TRPS1"	-0.662333909668436	5.57613865678241	13.334741664286	0.000488460139836782	0.0320548803165946
"RBMS1P1"	-2.16655248311538	-0.823630708247974	13.314667433408	0.000492892655257983	0.0322621804918346
"CHRNB4"	2.27122753259163	0.337264199807955	13.3036335454377	0.00049534671830987	0.0323392467049157
"TET3"	0.715500787369942	6.81075321678915	13.2860152330087	0.000499291486186762	0.0325102296584943
"IL18R1"	1.15512191953053	3.42373051186939	13.2805021987652	0.0005005325319495	0.0325102296584943
"EPHB2"	-0.904068765848685	4.02944957002315	13.2632901412991	0.000504427746672544	0.0326794354244558
"GFRA4"	3.43284337385592	-0.478659847473683	13.2504560287749	0.000507352613684857	0.0327850741256406
"PPEF2"	2.46592365032777	-0.722311786544605	13.2326725334297	0.000511434480933037	0.0329647502201393
"FGL2"	0.794067021692086	5.50920807500002	13.2196323357174	0.000514449207024382	0.0330749057439965
"ENSG00000250101"	2.4228095832234	-0.692483650873038	13.2055419186246	0.000517727416707926	0.033201400487667
"NID2"	-0.767689343357179	5.73014641734593	13.1941120917808	0.000520402508766769	0.0332886766403309
"TRMT1"	0.456844717869785	5.16012737288638	13.1691850954283	0.000526286293358561	0.0335169896659719
"ABCB10"	1.16406250501639	4.14380546664286	13.1677881828034	0.000526618052467602	0.0335169896659719
"B3GNT9"	-0.680595403795009	5.01497461266631	13.1567014585881	0.000529258779080544	0.033576861097495
"TMEM59L"	-1.990209537412	2.62739471955387	13.1527227501836	0.00053020979981043	0.033576861097495
"C6orf47-AS1"	-2.76184729788594	-0.521834424094062	13.1326727907011	0.000535029284708586	0.033705245522225
"ITGA11"	-1.07874856427572	5.9983039535004	13.1302711948118	0.000535609599389181	0.033705245522225
"GPC1"	-0.744828695050671	6.65733038850513	13.1263024193306	0.000536570031491434	0.033705245522225
"ANKRD20A8P"	-2.8464683455835	-0.418024549519393	13.1222214233732	0.000537559480122336	0.033705245522225
"ABLIM1"	0.594635243653226	5.98167155418783	13.106989943242	0.000541269107340233	0.0338540438470011
"FSIP2"	-2.62130781525241	-0.744073169690238	13.0968056247954	0.000543764275187177	0.0338544780276436
"ENSG00000285769"	-2.78679395919896	-0.735083961555089	13.0960535030925	0.000543949017300973	0.0338544780276436
"IGLV9-49"	1.61547450221822	2.16742979916666	13.0898953761814	0.000545464071784885	0.0338655647117229
"BID"	0.70218107015542	5.08748481530457	13.0803825651146	0.000547813056019541	0.0339135281483167
"SLC5A3"	-0.911485003487752	2.80039533241294	13.0718294934444	0.000549933994839033	0.0339135281483167
"AREG"	0.966389023094185	5.40558543848454	13.0705457919847	0.000550253052345275	0.0339135281483167
"PTPRG-AS1"	-2.42578408863029	-0.578729292948051	13.0633579015931	0.000552043110633074	0.0339412719306951
"CHI3L2"	-1.23206523582748	7.92767286140712	13.0575880718031	0.00055348437977394	0.0339474886780961
"GDAP1L1"	-3.00059405955875	-0.483490577404399	13.0286787396656	0.000560764647851755	0.0343109403254415
"ENSG00000279859"	2.49708877155506	-0.543038642541091	12.9851374310563	0.000571917362611081	0.0348231978632911
"ENSG00000285578"	2.63859765014468	-0.546966834149523	12.9810726350704	0.000572970178238636	0.0348231978632911
"RPL3P5"	2.71913119872723	-0.667141341467075	12.9799513042069	0.000573260965180704	0.0348231978632911
"HID1-AS1"	2.37492781092616	-0.436671369915927	12.9659723218484	0.000576898891213683	0.0348289269307275
"PRMT8"	-2.69247234747149	-0.466516579918354	12.9646949841561	0.000577232498628931	0.0348289269307275
"H2BC21"	0.95849321781259	7.36448160458488	12.9637473104891	0.000577480135442957	0.0348289269307275
"RSPO4"	-1.84521571799748	0.697742055954204	12.9549824484178	0.000579775703904856	0.0348835814641286
"SLC2A10"	-0.648087937170858	5.06267042023057	12.949788241107	0.000581140554177184	0.0348835814641286
"CRCT1"	-3.30658391433933	-0.492390508734874	12.9373745026334	0.000584415930839634	0.0349950152995398
"ENSG00000266448"	2.94029269642144	-0.600233439645918	12.9323013000679	0.000585759997118347	0.0349950152995398
"MCHR2"	-2.79869159393961	0.0533695947948461	12.9081761826487	0.000592195514956984	0.0351662632041307
"UBAC1"	0.706052700402901	5.3748566912689	12.9051850018926	0.000592998516341181	0.0351662632041307
"SLC4A2"	-0.355252231223903	7.0646416040362	12.9011635827876	0.000594079869061143	0.0351662632041307
"CCND3"	0.553182744854769	7.05236114859736	12.900793487479	0.000594179489612251	0.0351662632041307
"ENSG00000256542"	-2.65349750495341	-0.678136548552813	12.8855339258216	0.0005983020857207	0.0353277159286505
"RNF144B"	0.873457382830112	5.62856959701522	12.8773234804332	0.000600532504328301	0.0353520434417443
"L3MBTL4-AS1"	-2.56954565486354	-0.490810875333193	12.8689047359405	0.000602828451163591	0.0353520434417443
"MCM10"	2.33169653563094	0.915490875969675	12.8652516880776	0.000603827530813245	0.0353520434417443
"TBX20"	2.7017704918539	-0.46807018664787	12.8597296419907	0.000605341022918676	0.0353520434417443
"H2AC8"	1.61281740170945	7.36471680640445	12.8577230938964	0.000605891953803525	0.0353520434417443
"INHBA"	-1.34873242050227	5.72620933855606	12.8496717783429	0.000608107802476255	0.0353520434417443
"CA4"	1.00005911010644	4.35445208184573	12.8483103471084	0.000608483318487249	0.0353520434417443
"UROD"	0.865325204760708	6.15348871216063	12.84198808714	0.000610230301863164	0.0353542856130885
"NKD1"	-0.798084289671961	3.67671878616034	12.838078181479	0.000611313295903547	0.0353542856130885
"PLA2G12AP1"	2.35896280597833	-0.893347176088617	12.8274712213697	0.000614261324562207	0.0354064085690189
"MYBPC1"	-2.71140952646852	-0.673757962872127	12.8247856862692	0.000615010057651428	0.0354064085690189
"P2RX2"	2.41239708279076	-0.736109329443025	12.8137463732264	0.000618097784289678	0.035503480666308
"EFNB3"	-1.54413527557222	2.28669492325879	12.8075427796201	0.00061983998843763	0.0355230016903023
"PLEKHM1"	0.389223125518747	6.81021770899151	12.8025568839739	0.000621243902773705	0.0355230909732748
"ASPN"	-2.22263327625745	1.21039957566234	12.7908397806516	0.000624556149891409	0.0356320536777011
"TRBV7-3"	2.3593139622353	-0.733106048265785	12.7737798167943	0.00062941147773577	0.0358283643652243
"SUMO4"	2.80325283907402	-0.753450050528203	12.7688302367959	0.000630827450027223	0.035828453221165
"DIO2"	-1.30914683895273	2.89777816330226	12.7432663021331	0.000638193466604764	0.03602271247241
"RLN3"	-2.5417804161744	-0.62981446641671	12.7395193680493	0.000639280573698293	0.03602271247241
"LINC00917"	2.83784591568762	-0.62569330109484	12.7393476714349	0.000639330434387028	0.03602271247241
"ENSG00000258500"	-2.6130826374998	-0.444029668836275	12.7372632524514	0.000639936070924342	0.03602271247241
"APCDD1L-DT"	-1.80376725943624	1.11989290716573	12.7266810713343	0.000643019946233247	0.0361160493526261
"SOX11"	-1.64613034132646	3.49207413041719	12.7120368912596	0.000647312985509263	0.0362111363124668
"IGHV3-62"	2.78818329616745	-0.74909184219937	12.7111567877336	0.000647571937529014	0.0362111363124668
"C9"	-2.72264778951449	-0.49316100619931	12.6916869422111	0.00065332805660853	0.0364525396518737
"CR1L"	2.46704922833442	1.51466585191035	12.6588202966553	0.000663165381803784	0.0369200929373003
"PCNA"	0.823975891643405	4.84912435804819	12.6496198433025	0.000665946566940557	0.0369274622880721
"CA8"	1.58908803732072	2.09738349769873	12.6442863165499	0.000667564356413679	0.0369274622880721
"TCTN1"	-0.671406591980294	3.86694246217368	12.6407327727084	0.00066864449266024	0.0369274622880721
"H4C9"	1.62555462834923	5.8929239590733	12.6384341242192	0.000669344154648632	0.0369274622880721
"ENSG00000274177"	3.15386914896719	-0.772801969293827	17.8699975877144	0.000670851570185808	0.0369274622880721
"IGKV1D-17"	2.16691381682821	-0.95731605776032	12.6249552222751	0.000673462148693003	0.0369274622880721
"FAM242A"	-2.77001531242911	-0.655372512076926	12.6248241157341	0.000673502332205176	0.0369274622880721
"ENSG00000251229"	-2.68375269879309	-0.232221409469221	12.601913544694	0.000680562589170091	0.0370789747576551
"FBXO15"	2.74510332573881	-0.103745019973489	12.6006246489034	0.000680962053610285	0.0370789747576551
"H2AC13"	2.02862286222037	5.99935595467609	12.5981853355485	0.000681718729207323	0.0370789747576551
"WDR4P2"	2.53066622161527	-0.800500099745093	12.5968902790192	0.000682120809958836	0.0370789747576551
"H2BC8"	1.49157399530283	6.14505089312682	12.5719935611918	0.000689898522897152	0.0373821636230036
"CDC20B"	-2.47835445597877	-0.288095948256962	12.5696038010447	0.000690649898368231	0.0373821636230036
"ASB18"	-2.78461941334869	-0.530353504334578	12.5390267750045	0.000700338923955051	0.0377789348112086
"ADAMDEC1"	-2.46691984200199	-0.506306828999628	12.53707164384	0.000700963221399395	0.0377789348112086
"CRABP1"	-1.59864197470722	2.45903810640439	12.4530615193422	0.000728340686296615	0.0391711208589799
"CDC6"	2.01209778254868	1.38342265330629	12.4406323515147	0.000732484242490052	0.0393105049714312
"KIR2DS4"	2.2479049815944	-0.874409624837622	12.4181667560791	0.000740035760105594	0.0396318093852744
"ERI3-IT1"	2.28900133534701	-0.44859059506148	12.4004914775196	0.000746033747545372	0.0397867759538862
"MYBPC3"	2.22588534091638	1.83566731034358	12.4003828462233	0.00074607076617962	0.0397867759538862
"FZD1"	-0.620795628753181	5.91781354447769	12.3814510344948	0.000752551378009338	0.0400480650343583
"ENSG00000287269"	-2.78433706242591	-0.189026864102661	12.3546368786476	0.000761830190526656	0.0404568565120141
"HMCN1"	-1.38682124293202	3.10048641240628	12.3388082572086	0.000767363118277024	0.0406654291821659
"CLDN2"	-2.46964162296043	-0.503199862876681	12.325247036884	0.000772136585740742	0.040832968378703
"LINC02158"	2.75680370060574	-0.706121326118739	12.3174456526691	0.000774896557127466	0.0408935514345747
"ENSG00000248954"	-2.39051815557328	-0.394694693063925	12.3002807674163	0.000781005195100976	0.0411302340896108
"TAFA2"	2.22408636754129	0.870151041407135	12.2736054953142	0.000790597602298762	0.0415108276926146
"ITGA2B"	2.00018167553294	4.98658072538097	12.2710868140267	0.000791509603866127	0.0415108276926146
"SIGLEC15"	-1.25669110808764	2.78502733531302	12.2617504955597	0.000794899758449961	0.0416024912836693
"NTRK3"	0.90157066094149	3.56601592123705	12.2532454050175	0.000798001179527556	0.0416786966569331
"GNRH1"	1.93533539180705	-1.00057780946398	12.2342042827254	0.000804990161645184	0.04195721354863
"PTMS"	-0.406396361343788	6.60421760776602	12.2144205944728	0.000812318921099775	0.0422522599391754
"RN7SL170P"	-2.81530175890781	-0.305601431180796	12.19773783331	0.000818552687775064	0.0424892584713732
"CPZ"	-1.66625516031288	1.8913380331936	12.1902886755757	0.000821352169499618	0.0425473861055109
"LINC01664"	2.72132676520315	-0.0465450462730191	12.1690218779273	0.000829399215990694	0.0428532721724811
"RSF1-IT1"	2.55437523903192	-0.740490808959847	12.1645354604111	0.000831107222608139	0.0428532721724811
"BMX"	1.79437530807857	1.15709196481252	12.161323389821	0.000832332316484177	0.0428532721724811
"ENSG00000286428"	2.90302379541844	-0.615087932185101	12.1444404606281	0.000838802361063092	0.0430987882517022
"TIAM2"	-0.804466445228735	5.58707457424416	12.1237232930366	0.000846813093078732	0.0433579843714835
"ENSG00000249738"	2.5066480942298	-0.0907663821081447	12.1195139654556	0.000848450387832576	0.0433579843714835
"MIR5191"	2.35165122544453	-0.858760004375303	12.1146399190091	0.000850350337011133	0.0433579843714835
"ENSG00000232337"	-2.59355260623034	-0.392569466338567	12.1137606674996	0.000850693546746172	0.0433579843714835
"UBA2"	0.614531270685572	3.83530250905322	12.1037024325856	0.00085462994003572	0.0434711466085238
"IDO2"	-2.55163731197793	-0.702251295241895	12.6035233327579	0.000863231688189229	0.0438206851573574
"H4C5"	0.986238551873992	7.39733464167744	12.0634629196914	0.000870567906208703	0.0441047112643453
"E2F8"	2.35315528459203	1.82349241839605	12.0564032932678	0.000873395679332923	0.044105543169888
"H2BC14"	2.08989747098814	5.58378663161522	12.054731635733	0.000874066664217117	0.044105543169888
"TRA2B"	0.370843383403014	6.72311942324925	12.0385109930815	0.000880605264888601	0.0443103708247866
"HMGB2"	1.06806184392634	6.21751759421312	12.0359940985426	0.000881624369179759	0.0443103708247866
"HMGB1P39"	2.77849235461238	-0.379439395945478	12.0259277664752	0.000885712519773733	0.044427690769086
"COL27A1"	-0.96330138839914	6.39114743219297	12.0205353625215	0.000887910566930536	0.0444499260294811
"LILRA2"	1.26473167377612	3.80210553601912	12.0054047094763	0.000894108353859521	0.0446719106737979
"ENSG00000287372"	-2.32596787610195	-0.691788916288831	11.9914918348342	0.000899846895130466	0.0447569732853082
"LINC02864"	-2.6717432531702	-0.473101247647363	11.9892702949313	0.000900766726253118	0.0447569732853082
"XXYLT1"	-0.507683346938761	4.49424931650106	11.9884381245053	0.000901111538253806	0.0447569732853082
"GPR141"	2.5470453160321	-0.104519815164776	11.9827483408348	0.000903472784010943	0.0447864365788282
"NLRP3"	0.746561506201941	7.5526465486719	11.9540179476961	0.000915494169142898	0.0452937164034351
"HPSE2"	-2.57060927594427	-0.249424481552981	11.9496283572826	0.000917345414710868	0.0452968356725945
"H4C3"	1.07628504638882	7.02493496143933	11.9430421906643	0.000920130316824198	0.0453366675518197
"RAG2"	2.37958655014228	-0.804612465884007	11.9356086484844	0.000923284055357967	0.0453366675518197
"ENSG00000261327"	-1.97956654634076	1.0517494334452	11.9350502907863	0.000923521394999762	0.0453366675518197
"LINC01711"	-2.1656039810623	0.564647201794972	11.921422018305	0.000929333983359436	0.045447838372898
"DYRK2"	-0.583804776928007	4.47718967641709	11.921327810972	0.000929374295415149	0.045447838372898
"SMARCE1P6"	2.16237005583352	-0.113597489836726	11.9130908494944	0.000932905973697064	0.0455285690076844
"ETS2"	0.533488145906189	7.96823001106447	11.9091051626881	0.000934619868303498	0.0455285690076844
"ENSG00000256450"	1.97809440887498	-0.978218479685098	11.9019744666224	0.000937694304785847	0.0455906611027453
"ENSG00000279590"	-2.37886770695283	-0.781115771534623	11.8908699745172	0.000942502957578994	0.045736671299681
"SMU1"	0.473826454333555	4.48431034545643	11.8830447882265	0.000945906900698972	0.0458140873835672
"KLK5"	-2.238691563705	-0.824344346215205	11.873703846494	0.000949986889176798	0.0458603544645557
"DLG4"	-0.478190720430124	5.30046655587645	11.8725707512081	0.000950483048197535	0.0458603544645557
"ACTL11P"	-2.29172790774026	-0.396649874468104	11.8672748457758	0.000952805580575905	0.0458850155162894
"ENSG00000267328"	-2.10365247048727	-0.859617961590931	11.8403053124563	0.000964724749722447	0.0463708588903592
"ENSG00000261691"	-2.44259525259896	-0.792245079491727	11.8193305698949	0.000974101334294055	0.0467328804905354
"TIMD4"	2.40180173691625	1.69902601808563	11.8082850503788	0.000979077075707209	0.0468828003870308
"UVRAG"	0.47117067425192	5.04824776632391	11.7976199140929	0.000983906473924579	0.047025160171667
"ENSG00000279925"	-2.61851478302955	-0.444208079275086	11.7923475566661	0.000986303025193008	0.047038710434136
"H2AC4"	1.50355214974712	5.6198499082007	11.783628968138	0.000990279350387733	0.047038710434136
"MATN4"	-2.15948990306083	1.68951769880872	11.7816186465635	0.000991198562570696	0.047038710434136
"CYP4F12"	1.10821129206405	2.77758381169546	11.7803673608474	0.000991771155061118	0.047038710434136
"CDCA4"	0.837013274211936	4.36405867730624	11.7766488192929	0.000993474796978515	0.047038710434136
"FKBP10"	-0.940624162971698	7.48356092496156	11.7619894041987	0.00100022059334961	0.0472697534517517
"NPM1P40"	-2.54464162183078	-0.487691190541271	11.7465720067926	0.00100736645102022	0.0474321874869469
"ADGRB2"	-0.926708242064214	4.40783181507578	11.7464941665246	0.00100740266345495	0.0474321874869469
"ENSG00000226690"	-2.38480529472182	-0.0609968504675428	11.7299982848351	0.00101510732615914	0.0477062776974716
"CEACAM4"	2.01227440009701	3.13248865383884	11.7203701110059	0.00101963253319425	0.047723747332638
"DCN"	-1.07035177573143	7.16166736226603	11.7195668499012	0.00102001100719025	0.047723747332638
"TMEM74"	-2.52220178435196	-0.452410033854484	11.717191480626	0.00102113106684654	0.047723747332638
"DKK3"	-1.08558036711508	5.25303078077039	11.7010724903875	0.00102876543701309	0.047992002366443
"ENSG00000287754"	-2.39002650508642	-0.733622339539225	11.6958971501512	0.00103122914526915	0.0480185027184062
"HIKESHIP3"	-2.28497153996716	-0.789983805777731	11.6836969811667	0.00103706124916213	0.0481853500814358
"KLRK1-AS1"	-2.45227957180025	-0.231599702098519	11.6804550283977	0.00103861675987778	0.0481853500814358
"SNORD97"	-2.43813971999296	-0.394582769385772	11.6716789846197	0.00104283971646259	0.0482086373827119
"ATP7A"	1.71383346731541	1.16439894738487	11.6713844629923	0.00104298174615502	0.0482086373827119
"ENSG00000283156"	-2.35984774674923	-0.0536339916593606	11.667559420828	0.00104482815218937	0.0482086373827119
"PTGS2"	0.889548085788422	4.85120115279445	11.6622864798324	0.00104737904009395	0.0482384699356726
"ENSG00000230026"	2.38746786568277	-0.820469290275293	11.6479995641985	0.00105432312221722	0.0484701615406251
"LINC01561"	2.12457730111893	-0.860091740556725	11.6388321588846	0.00105880402493931	0.0485879796299594
"H2BC12"	1.1988839764754	7.33517413501545	11.6254612236863	0.00106537499657078	0.0488011103763732
"ENSG00000273186"	-2.38237566604871	-0.130670404435711	11.6174392113083	0.00106933759505034	0.0488137586897619
"RPS3AP47"	2.16470085396081	-0.968568009263371	11.6171005981809	0.00106950519414227	0.0488137586897619
"TRO"	-0.82561561563394	3.42752468097199	11.6098094297209	0.00107312062886838	0.0488257808486931
"H2AC12"	1.59935240640116	6.92363568257524	11.6087970764935	0.0010736236205725	0.0488257808486931
"EVA1B"	-0.562034097671642	5.23188304927167	11.5949516156317	0.00108052738529032	0.0490516831483675
"LUM"	-1.20791390861067	3.04132164147968	11.5870233487589	0.0010845013742448	0.0491222530571478
"PTGFRN"	-0.717343589362426	4.97498974597164	11.582162460432	0.00108694535415757	0.0491222530571478
"SLC5A11"	2.1255067839083	-0.175598395878143	11.5740706608352	0.00109102646384476	0.0491222530571478
"ENSG00000229765"	-2.36774681847178	-0.806012332689168	11.5709274286521	0.00109261603995746	0.0491222530571478
"ENSG00000233214"	2.50187773446659	-0.452971382734091	11.5691849004807	0.0010934982953653	0.0491222530571478
"ENSG00000273151"	1.1038470568905	2.69248456842618	11.5687527455204	0.00109371721306823	0.0491222530571478
"TNFAIP2"	0.540869740665052	8.99450319898979	11.5626974647893	0.00109678943541399	0.0491730498911003
"ENSG00000228302"	2.54260094293599	-0.730103120856339	11.557894860464	0.00109923246082904	0.0491955078891526
"H2BC13"	1.87958788163993	6.24895661492028	11.5263130872236	0.00111543895126959	0.0498327761456965
"RAB20"	0.541850436289022	4.88910188436375	11.5202150620123	0.00111859665307268	0.0498858658784931
