"genes"	"logFC"	"logCPM"	"F"	"PValue"	"FDR"
"MAGED1"	1.02280559266092	7.09566303389853	52.815398669888	1.38007879762191e-09	3.19653851105186e-05
"FSTL3"	1.20383717831682	5.26465341542929	48.8226882555064	3.96936365185475e-09	4.59692004521299e-05
"CPXM1"	1.73582247592489	5.46770305856403	57.756483508263	1.04077219475777e-08	6.10058802958794e-05
"ADAM12"	2.22273647700912	5.06000738096407	62.7119795549093	1.05355116649477e-08	6.10058802958794e-05
"FGFRL1"	0.92245083891132	6.77415793718647	44.1478292965227	1.44484715143911e-08	6.69310994432654e-05
"RBP4"	1.53833650026542	5.17363990666188	48.061054390805	2.81324771089146e-08	0.00010860073913278
"MXRA7"	0.998766406735329	5.4249505638909	39.4781004823059	5.60557937526042e-08	0.000185480613556831
"ANXA2"	0.777716374043945	6.79972613772584	36.879179768573	1.22948742090284e-07	0.000355967345536893
"TRPS1"	0.976632018962644	5.87107204069497	34.8600546766725	2.34687874779835e-07	0.000603982283961172
"ITGA5"	0.674315527931719	8.72758050033915	34.0199402860382	2.9991821962808e-07	0.000654716424450635
"STMN2"	4.49253744796765	1.72653194583606	34.8386809916969	3.1093518128646e-07	0.000654716424450635
"SULF2"	0.766437022392159	7.23986423862331	33.5300224405415	3.50499918781059e-07	0.000676523259900575
"HHIPL1"	1.64808804463852	5.60205379956063	43.1981659578719	4.76183402487795e-07	0.000848412305263254
"TRPV4"	1.60655795163568	5.79284981640447	41.7419658985279	6.83881549995606e-07	0.00108813983108507
"IL1R1"	0.723072760734604	6.52869369874502	31.3541785833302	7.08292974723029e-07	0.00108813983108507
"TIMP1"	1.17701733236316	8.44122549219405	40.5955907870558	7.51672450451648e-07	0.00108813983108507
"VCAN"	1.00522179182062	8.28500144538343	35.9784628905432	1.09418494394505e-06	0.00143576184909582
"ANKH"	0.942184104969641	8.30217122595728	34.6751788008226	1.13807934618679e-06	0.00143576184909582
"COL6A1"	2.08456200922148	11.0347936731844	43.1406847035748	1.2096302477905e-06	0.00143576184909582
"INHBA"	1.5932777400216	6.76312809777577	41.2743412003797	1.28847753750558e-06	0.00143576184909582
"MAGED2"	0.761990540414575	7.13647223321312	29.3888999894341	1.35946462396016e-06	0.00143576184909582
"COL6A2"	1.94362337984481	11.4482985705886	42.1375764204403	1.44247754904477e-06	0.00143576184909582
"OLFML3"	1.04766750964306	6.65030691990534	33.7787118306256	1.45850774594049e-06	0.00143576184909582
"PLOD1"	0.930189846006123	7.08258724356392	32.2273901902567	1.48770764089024e-06	0.00143576184909582
"NIBAN2"	0.666709508674793	8.14668485009304	28.742182463161	1.69085910603918e-06	0.00156654714456318
"NEBL"	1.53652101216638	3.78974794911224	28.0172351669394	2.16399242852673e-06	0.00187503394117242
"SMOC1"	1.74701494345188	6.93266657107179	39.4504819717425	2.19972349780107e-06	0.00187503394117242
"COL6A3"	2.28576840378521	11.278826705671	39.6400547675588	2.26668467113496e-06	0.00187503394117242
"RARG"	0.901383383212692	6.03444511244861	28.53966877627	2.41685286109061e-06	0.00192860090503419
"ROBO1"	1.22091275146482	5.10230608740154	30.3381775397464	2.49797198648759e-06	0.00192860090503419
"PYCR1"	1.06867368408672	5.15225334301381	28.043036334161	2.84635188511268e-06	0.00208679766323043
"PFKP"	0.716949522487207	6.94050115916875	27.13360234536	2.93254321010806e-06	0.00208679766323043
"CSMD2"	2.22960697965803	4.23689774858546	34.3561771733695	2.98229970756072e-06	0.00208679766323043
"ALPL"	1.36370118607767	7.53227513816345	36.5710335876385	3.06325535574797e-06	0.00208679766323043
"ANOS1"	1.73945706865149	3.53095879814022	26.8049637245196	3.41430974820717e-06	0.00221867346110601
"AEBP1"	1.70727199936341	9.78865365092187	37.3844768883991	3.44841743371972e-06	0.00221867346110601
"COL3A1"	2.5482175246367	13.5948668441694	37.2332669087676	3.5663763142006e-06	0.00223255157268958
"COL7A1"	1.83833488536004	6.24789176525744	36.4851973903722	3.92155634583629e-06	0.00234588742549558
"FSTL1"	1.43018397246002	7.86693048162425	36.0353940214724	3.9499874619777e-06	0.00234588742549558
"FAM117A"	-0.717066590441514	6.81940851872969	25.8601477489205	4.57318678621403e-06	0.00250962550944871
"BAIAP2L1"	1.92143560595351	3.03917131012041	25.8563251030024	4.57934349146714e-06	0.00250962550944871
"PTGES"	1.62667345445291	6.0172289490616	34.857067188646	4.62161585061944e-06	0.00250962550944871
"ADCY2"	1.69827290056317	3.25647009196197	25.7882668589789	4.69041018506033e-06	0.00250962550944871
"CD63"	0.612417157421998	7.78386146671476	25.7420393093489	4.76744333027127e-06	0.00250962550944871
"ANK3"	1.05671975071206	4.58113202775985	25.6255613150819	4.96742428666496e-06	0.00255296090671909
"HTRA3"	1.3326465478179	5.91989674007825	32.1794639746001	5.07020990022787e-06	0.00255296090671909
"VSTM4"	1.07715334738406	4.87945362762142	25.9376369631511	5.1977301406143e-06	0.00255471239603871
"GLIS3"	1.4838565825213	6.09216453102772	33.7074961407617	5.29428352516441e-06	0.00255471239603871
"SERPINE2"	1.54217291189534	6.12440012431258	33.7213609240803	5.62428880316649e-06	0.00261557324513964
"B4GALNT3"	0.858957593946774	5.22729375960688	25.2636571062676	5.64625948782412e-06	0.00261557324513964
"LOXL3"	0.797914288957628	5.63076674860817	25.0678578488071	6.05303732373579e-06	0.00274579973254709
"CALU"	1.03304904757797	4.65978425344128	25.0165997330961	6.16447569693673e-06	0.00274579973254709
"FGD2"	-0.819723358135911	5.68449841150882	24.9177391870432	6.38546523499764e-06	0.00275350889722872
"GOLM1"	1.22113622258569	5.71068979489284	29.7330385826636	6.46624524468032e-06	0.00275350889722872
"MFGE8"	0.887679528703107	7.5119301069789	28.1414513846991	6.53842454656679e-06	0.00275350889722872
"APCDD1L"	3.09817234880737	4.44530768320116	33.7191894604351	6.98803141756108e-06	0.00287211252691587
"UGDH"	0.942399455867044	5.0042117515122	24.6334273589048	7.06806035895884e-06	0.00287211252691587
"TMEM59L"	2.76404451067379	3.197152966879	28.5654872670589	7.23951597046091e-06	0.0028910632570313
"AOPEP"	0.900237592347448	5.08926132758874	24.2322022762866	8.16288290151901e-06	0.00311307892492396
"TNFRSF12A"	1.16049679092993	5.54593402496208	27.9475839947532	8.2339027214736e-06	0.00311307892492396
"TGFBI"	1.62536815597932	9.04767931014793	32.8890155215867	8.44736234743576e-06	0.00311307892492396
"RRBP1"	0.652356315040369	8.91096518472413	24.5303582226459	8.57096231191717e-06	0.00311307892492396
"COL5A1"	1.97876037120216	10.9321914579342	32.8361447634651	8.59091783135225e-06	0.00311307892492396
"PAM"	0.823424330140293	6.31803791793083	25.0758945292487	8.60189323871572e-06	0.00311307892492396
"FNDC1"	1.82624321438277	7.57712168791376	32.6875760677376	8.83264871976235e-06	0.00314741245610978
"FAM114A1"	1.40835517737113	4.8883640129157	28.0837247910394	8.98796062688632e-06	0.00315422945515062
"EPOR"	-0.878571900962198	6.04334461682156	24.9267537126725	9.12926114340348e-06	0.00315599920303748
"SIX1"	1.33425061973372	4.1910961833548	23.8668611172971	1.11040422442774e-05	0.00378223274208753
"COL15A1"	1.63377680373466	8.90420796293594	31.2366103820772	1.200108237316e-05	0.00398044210392352
"SRPX2"	1.77040090710216	5.18239379920612	30.3178941551393	1.20296583746933e-05	0.00398044210392352
"TGFB3"	1.10608074883343	5.27267402591167	25.2938683662964	1.33578909038743e-05	0.0043576826635991
"RCN3"	1.10691731613505	6.82383781068562	28.1489800405555	1.3631140114604e-05	0.00438506204631193
"ARHGEF19"	0.811238871591977	5.0971768533491	22.6722807128617	1.44013099936636e-05	0.00456171729635541
"ITPRIPL2"	0.828312603700057	6.69052831415299	24.420026703131	1.45741766656722e-05	0.00456171729635541
"SLC39A14"	1.4608412276423	7.8762863282049	30.097024730985	1.49571618420432e-05	0.00461917043447205
"CLVS2"	2.59454365073496	2.1936939125089	22.5804678610876	1.53426997554222e-05	0.00467588962809327
"TMED3"	0.78780192385467	5.54470017685662	22.4507101390958	1.56268776578322e-05	0.00468201871478923
"PRKCA"	0.70574935069293	5.80597681344211	22.4265194734131	1.57670952315672e-05	0.00468201871478923
"CD99"	0.624645130668536	7.61827434048866	22.235767497127	1.69196209315156e-05	0.00494511532221746
"PPP1R14C"	2.92437948820335	2.00392067277687	22.2884143168646	1.70800978230462e-05	0.00494511532221746
"SDK2"	1.26284742800297	7.6480754431389	28.8656839171307	1.76288999203615e-05	0.00502474611508091
"SERPINE1"	1.37818554395763	8.17955141505801	29.2721087576063	1.77890156910731e-05	0.00502474611508091
"ENO1"	0.561658611484437	9.02259629134561	22.060787245509	1.80539132151045e-05	0.00502808461010804
"OMD"	2.1590193316177	2.89452404895392	22.4952007736906	1.82683284358749e-05	0.00502808461010804
"THY1"	1.89945932196541	7.19015366024147	29.2823000848181	1.84520849606763e-05	0.00502808461010804
"COL11A1"	2.08653578472051	8.30580030005478	29.0724102563009	1.93607165306354e-05	0.00521433623584393
"MPZL1"	0.708794737197882	5.27364488614226	21.8031693048669	1.98697607627591e-05	0.00528992412398882
"LGALS1"	0.930602510322958	8.03580847284799	25.9913904107173	2.07141348624548e-05	0.00542310131526206
"TUBB3"	1.38909167023347	3.68221460582848	21.6755986881607	2.08382703159625e-05	0.00542310131526206
"ARSI"	2.27615870826282	2.78409199805546	22.0842901020011	2.14090573121373e-05	0.00543767585483174
"SLC38A3"	2.14266860393966	3.64500582296478	24.9925632064904	2.15682996963675e-05	0.00543767585483174
"DSP"	1.35922312248748	4.22057768499802	22.8060289816416	2.15985743305639e-05	0.00543767585483174
"PMEPA1"	0.988128491139968	7.26789712622113	25.8666446421519	2.2067469148496e-05	0.00546697305059848
"P3H2"	0.958536377582909	5.04239847818711	21.986321178839	2.2287508349317e-05	0.00546697305059848
"MGP"	2.15460298926224	6.82228507988207	28.4193826924814	2.24230394528476e-05	0.00546697305059848
"CDK2AP1"	0.887815292925531	5.46283247364908	22.1227777517411	2.37973788780676e-05	0.00574161343306043
"DCN"	1.781025543372	7.77945682263556	28.0808699721356	2.42038581648192e-05	0.00577948209086126
"SAMD11"	1.1595846265245	4.17092182524176	21.105281919621	2.58073578769937e-05	0.00609949003211151
"PMP22"	1.26191189205459	6.16429056655844	26.2187655208583	2.79296894504716e-05	0.00629799184923538
"CHPF"	1.17068465927219	7.14367618090781	26.4570963068754	2.8325087043747e-05	0.00629799184923538
"PKM"	0.505927809196435	9.20736010465718	20.8545904474814	2.83675462694475e-05	0.00629799184923538
"LRRC15"	1.76745946440326	7.16234243399808	27.3821521699851	2.84029649830699e-05	0.00629799184923538
"EVA1B"	0.777822745202875	5.38440014818892	20.8457908785966	2.84620695155577e-05	0.00629799184923538
"FMOD"	2.08146232541337	10.2414377723043	27.374360305343	2.85181358786989e-05	0.00629799184923538
"LOXL2"	1.77220464062269	7.18023271575344	27.363377096816	2.85506063452947e-05	0.00629799184923538
"PALLD"	0.932386829449147	5.50595671517196	22.1291544455655	3.04439257539536e-05	0.00661999150900146
"CTHRC1"	1.97912875296063	4.2559751318227	25.4209522547328	3.06057163714625e-05	0.00661999150900146
"ROR1"	1.71458706960375	2.94849167960936	20.6183185241939	3.10226670730222e-05	0.00661999150900146
"IL11"	2.89546712846918	5.25598781200457	26.9944044066906	3.11535737190726e-05	0.00661999150900146
"THBS3"	0.91999193773483	6.40837338076905	23.2808400836063	3.16388144955311e-05	0.00665370821722792
"PRICKLE2"	1.11546734961266	5.64478885497357	24.0441264868757	3.1886780593744e-05	0.00665370821722792
"SLC22A17"	0.782599392674577	5.92755333841377	20.8383196689207	3.4108426296188e-05	0.00705374437385988
"ITGB5"	1.19057089916979	8.12655308502922	26.1662324288002	3.44848929650433e-05	0.00706848752970206
"EFEMP2"	0.924988038993802	6.44729072835528	23.1774970119037	3.48601359319942e-05	0.00708272340751623
"COL5A2"	1.95313788080529	10.0209744678223	26.3808020922697	3.60029457321244e-05	0.00725130633954317
"SMOC2"	2.1064567752372	7.32679434591779	26.3340510714437	3.6401901441253e-05	0.00726845552743363
"PRELP"	2.08568374336679	10.4008903195494	26.1460275866908	3.80699111144451e-05	0.00745070220299272
"COMP"	2.23518758766612	12.4439682529495	26.1404392034467	3.81208282533923e-05	0.00745070220299272
"WNT9A"	1.34273874170242	3.43895965694736	20.0665406099693	3.82796633346056e-05	0.00745070220299272
"RASGRP4"	-1.16000547548296	5.09159018649555	22.1933346282121	4.00345990199407e-05	0.00764352790139112
"MT1G"	1.98516761070205	6.39438671643024	25.9297065885044	4.00363535799744e-05	0.00764352790139112
"FZD1"	0.711000360303401	5.99320517258446	19.9348010833583	4.02603576534719e-05	0.00764352790139112
"TENT5C"	-0.668479909223804	6.5830334068958	19.8110906996784	4.22174696730491e-05	0.00791211633536367
"MELTF"	1.15401339277996	7.17810850050585	24.946518088534	4.23582775919651e-05	0.00791211633536367
"ADAMTS2"	1.46402270983053	7.3919601276731	25.6158981045781	4.2733878455903e-05	0.007918416742365
"KIAA1755"	2.0827987735342	4.99215221182213	25.5383656628383	4.30901038349399e-05	0.00792105543670539
"MXRA5"	1.57191838882499	8.15097305922742	25.3520528587485	4.59815555851378e-05	0.00838602197214931
"BPIFB4"	3.5559087744996	1.12943163289336	19.9808043341582	4.77594139333877e-05	0.00864221519941505
"TIMP2"	0.614215757833151	8.69993563473722	20.0332285261881	4.84107606257837e-05	0.00866215909761366
"ZNF385D"	1.50851631324987	3.41857214947971	19.4446035465168	4.86175927247118e-05	0.00866215909761366
"TF"	0.838433673598716	5.70732632727973	20.3321676237228	4.91394766018738e-05	0.00868830959582138
"RHOC"	0.796809842042388	6.74468216641005	21.1420297986204	5.01730370513949e-05	0.00880384760745765
"IRS2"	-0.772868911992738	8.54250618061675	21.9404698391867	5.06982610309745e-05	0.00882912121804083
"PTGDS"	1.10293631856475	4.57805408625698	20.0754604965181	5.16141163011348e-05	0.00892153852064839
"MATN3"	1.52381989349938	4.00824633082557	20.8627796022641	5.21042807075076e-05	0.00893955073886883
"YIF1A"	0.675435791563315	5.55539297217725	19.1448452118911	5.46000567348147e-05	0.00922005113840778
"SLC39A7"	0.656690122164489	6.35716658826027	19.1211642827815	5.51042035820776e-05	0.00922005113840778
"LAG3"	1.18407693115908	5.31638472560711	22.3924124599878	5.52401580812684e-05	0.00922005113840778
"FN1"	2.24336813956487	14.4142847849307	24.6035190519089	5.53314527345946e-05	0.00922005113840778
"DSTN"	0.953450047000723	5.27760751887112	20.4242049141082	5.59882525484024e-05	0.00926285646804355
"PTPRD"	0.880400919414904	4.72680021611888	18.9355680524055	5.92270404472936e-05	0.00958308523955707
"S100A11"	0.569019842150402	6.12685121946123	18.9280888711261	5.93997614973026e-05	0.00958308523955707
"AMOTL1"	0.644259860860612	6.3772770451597	18.9238379003939	5.94981651136503e-05	0.00958308523955707
"MKNK2"	-0.469173744672812	8.81964500144855	18.903353260035	5.99747373451867e-05	0.00958308523955707
"SURF4"	0.463966266143885	7.49637876948575	18.889728787375	6.02939065294378e-05	0.00958308523955707
"MYO1D"	0.91113639354753	6.64705356333158	21.7512883709868	6.08190500643224e-05	0.00958308523955707
"NT5E"	1.41404680370572	5.25482038034012	23.2719971921878	6.11461703315131e-05	0.00958308523955707
"AOC2"	1.05840530206155	4.50025414533256	19.1810857479349	6.13003300448309e-05	0.00958308523955707
"FGL2"	-0.810999639780894	5.42572055027552	19.1615212129407	6.18968702768909e-05	0.00958308523955707
"CRLF1"	2.42275991648646	7.70631485377682	24.1404922847825	6.20612548973992e-05	0.00958308523955707
"DDR2"	1.06057726464658	5.60692633932634	21.6017761711076	6.49066599328857e-05	0.00995607985010264
"PXDN"	1.33491223686136	7.094037407803	23.7740090813481	6.61227795172752e-05	0.0100758935472311
"CD276"	1.42349878797715	6.75727407982314	23.7588021031732	6.68402416337253e-05	0.0101186514818323
"MMP14"	1.37624898995264	8.26339353463097	23.7352187393597	6.82672494786675e-05	0.0102675716391227
"IGFBP2"	0.936074764829846	5.93645889653745	20.7849173967804	6.88527980899624e-05	0.0102888290926433
"ANGPTL4"	1.34820421080133	8.02769487909559	23.4808524941725	7.24712231592142e-05	0.010760118402652
"LIF"	0.977592131324586	7.26408091915434	22.0235899952871	7.38594655610779e-05	0.0108963881613101
"BPNT2"	0.745149266881217	4.89158062678379	18.3108689456811	7.56255938529988e-05	0.0110863291444504
"FHDC1"	-0.708669085219449	6.01746954580383	18.3949810181687	7.6718030278008e-05	0.0110885910853378
"DKK3"	1.67791599617196	5.80033062069084	23.2391567125242	7.69105050634153e-05	0.0110885910853378
"PAPSS2"	1.60711761946819	5.80655201299055	23.1878189692932	7.70772456929185e-05	0.0110885910853378
"SCD"	0.629479314753393	6.53252512808709	18.2239791199743	7.82558558535898e-05	0.0111886551437089
"LINC00511"	1.6098236496882	5.16005681279014	22.7734010795979	8.02618434109511e-05	0.011405060227512
"HMCN1"	2.26559430144981	4.14789861113922	22.5167324492136	8.25049660881939e-05	0.0116316493084624
"TWIST1"	1.35200220388478	4.70689607910034	20.7792500486731	8.28608123606033e-05	0.0116316493084624
"AGT"	1.31297026009048	6.17933840523894	22.5863009858926	8.48127962528986e-05	0.0118339396795761
"CRYAB"	0.811871272591346	5.60036470568588	18.7159214282214	8.61950274153809e-05	0.0119139272184656
"WNT7B"	2.19887279556989	2.69499143572989	18.4958661955997	8.64148075598918e-05	0.0119139272184656
"NAV2"	0.534781783701387	6.77825502787782	17.9216183811172	8.81753170685319e-05	0.0120847141653334
"GPC1"	1.39292981089994	6.41053960698673	22.5776309226806	8.98299616704198e-05	0.0121909472886452
"GIPC1"	0.633568055315525	5.77406419376825	17.8697855677734	9.00031079508817e-05	0.0121909472886452
"EMILIN1"	1.10153030119624	8.13096172258356	22.3490368826959	9.10791222903158e-05	0.0122649687819087
"ASS1"	0.76194308111457	5.59405388164793	18.0978824065821	9.26035350781862e-05	0.0123981680894853
"BMP8B"	1.03887681405741	4.3297167475023	17.7769097928874	9.33775117644678e-05	0.0124048406244665
"DAPK1"	-0.549385720105018	5.99120699263056	17.7675578896756	9.3724510373959e-05	0.0124048406244665
"SIPA1L2"	0.583752646848857	5.77048076271851	17.6772546032943	9.71450504115651e-05	0.0127845094183674
"HTRA1"	1.98850770265199	9.80620012798003	22.3409242281027	9.81089204409734e-05	0.0128167882878972
"CCN4"	1.7158906642643	4.16742718768536	20.7488061070266	9.89158060399964e-05	0.0128167882878972
"CD151"	0.536003043202678	7.53846686928758	17.6283775715045	9.9050388720041e-05	0.0128167882878972
"SCUBE3"	2.08110192503672	4.70217005463422	22.0929702042954	0.00010167388685455	0.0130831698184727
"PRRX1"	1.55194083840569	5.48696018032779	21.958380525227	0.000103925554126491	0.0132990258821977
"FKBP10"	1.53802228137166	7.82910906276393	22.0588787306165	0.00010548097215779	0.013413977240794
"P3H4"	1.1625414703857	5.54377736262693	20.8309785509367	0.000106167273291625	0.013413977240794
"FOXD1"	1.17120914193318	4.14576380210901	17.7059111878451	0.000106561256036011	0.013413977240794
"DIO2"	2.07162670397397	3.32503101159057	19.5525822164395	0.000107807923947596	0.013497552078239
"CERCAM"	1.1938152055872	7.26341118229076	21.7046161613371	0.000110173511385332	0.0135937013687684
"IGFBP6"	1.85698217368106	5.86584052821721	21.8858424472337	0.000110339783901154	0.0135937013687684
"COL8A2"	1.34492488383382	6.4316812308985	21.7362867460602	0.00011107978358136	0.0135937013687684
"RTKN"	1.05901483679589	4.57246731625849	18.0868345276058	0.000111305606468502	0.0135937013687684
"XYLT1"	0.60870127902784	6.72892598036605	17.3310543574338	0.000111510373027631	0.0135937013687684
"MYO1C"	0.584795922412908	8.01264258747656	17.6124123313375	0.000112233326880052	0.0136102006135904
"CREB3L1"	1.5753894157857	5.71230810387601	21.6764269371423	0.000114281740850274	0.0137864254248648
"NFKBID"	-0.587692993634486	7.40547547829485	17.3184574426675	0.000116406772667575	0.0139700190079087
"NRROS"	-0.690483587308815	5.32013033527923	17.0590076866783	0.000124342640297475	0.0148454857452068
"C1R"	1.28319610164363	7.54521584727632	21.3610217186941	0.000125245386478498	0.0148765827775126
"BCAT1"	1.15530317213201	4.74375553290597	18.749758442537	0.000133177778557127	0.0156813332138504
"SDC2"	1.16290493793092	6.31697371667084	20.7124206504336	0.000133374606818432	0.0156813332138504
"EFEMP1"	1.52406983818937	5.31948194529494	20.8621124147784	0.000136072120767165	0.0158839003232986
"ECM1"	1.61114141928258	5.66460326725875	21.0104305439183	0.000137411617153517	0.0158839003232986
"EFNA5"	1.32097056290861	3.1563275595991	16.8054622987014	0.000137689183293782	0.0158839003232986
"CHST6"	1.81108433372381	5.42406326715244	21.0240610120579	0.000138124419284694	0.0158839003232986
"KIF26A"	-0.568298030299402	6.60009827711519	16.7904214225295	0.000138526373599272	0.0158839003232986
"SGO1"	-2.54575266229205	1.98646679471114	17.078331112243	0.000139756869675583	0.0159460522927381
"PCOLCE"	1.36680508556667	8.74178498601857	20.9755046178828	0.000140504987168762	0.0159528260431513
"H19"	1.64155748990894	6.44128812731408	20.940058541307	0.000141854382960563	0.0160274693567442
"REC8"	-0.622446160180602	5.56952884567787	16.6893940314174	0.000144288815388848	0.0162233861263908
"NDUFA4L2"	1.59027023928298	7.67411793912063	20.7714342337544	0.000148624568097987	0.0166301557791574
"PRSS23"	1.70691990625062	6.32809717189738	20.7389897328582	0.000149848339448692	0.0166383268812499
"MT1F"	1.02726988175124	3.98347773194722	16.5911160414021	0.000150134285389052	0.0166383268812499
"COL16A1"	1.60534795892248	8.38370218791654	20.717238970737	0.000150861157226965	0.0166392672556712
"SRPX"	1.33365703801314	4.52719149537197	18.7476336198218	0.00015399042499908	0.0167534442255668
"ACSS1"	-0.613153067068469	5.9279040693389	16.5101022339035	0.000155138188070468	0.0167534442255668
"TNFRSF11B"	2.29301875405926	5.36020113091375	20.6104578850961	0.000155255021810377	0.0167534442255668
"EDIL3"	1.90838983813364	5.18189358292889	20.5860857572286	0.000155544949808156	0.0167534442255668
"DENND4B"	-0.524049220024547	7.57334397698126	16.4977745863698	0.000155914712383483	0.0167534442255668
"FAM171A1"	0.907546771505787	4.40309947755643	16.4900702552943	0.000156402066386569	0.0167534442255668
"HAPLN1"	1.92761006044815	4.6506951626138	20.4012738663631	0.000157936483346054	0.0167534442255668
"TMC6"	-0.593777999354495	7.47936588970369	16.7690505478497	0.000158150436446596	0.0167534442255668
"BMP1"	1.20191773603128	6.72132552464074	20.3598487891904	0.000158406194862237	0.0167534442255668
"CCND3"	-0.513502726881907	7.43873196326524	16.4428813697109	0.000159421926406055	0.0167842302700775
"TNC"	1.30517835082284	10.8524148463684	20.3691253287201	0.000165750044155864	0.0173077375628144
"SSTR5-AS1"	2.19839327590679	2.21357532087543	16.3890934335348	0.000165888858429531	0.0173077375628144
"NPAS2"	1.50399632415332	3.07909378400937	16.270120095517	0.000171006128018327	0.017761632005204
"FBN1"	0.964808338938554	8.52282824543851	19.8540438276424	0.000172207414594375	0.0178065541822987
"SH3BGRL3"	0.483532186161189	7.58437069720221	16.2257968856769	0.000174117210659953	0.0179175863670069
"SERPINA1"	0.839803726544896	7.92966021068752	18.9764095363529	0.000174828361926585	0.0179175863670069
"SCX"	1.11151249470555	3.72886820660033	16.186441306414	0.000176929028512126	0.0179520895750437
"ADORA1"	1.62750536626158	2.81129868343226	16.1797120520957	0.000177414525852813	0.0179520895750437
"SPARC"	1.40892175878565	11.3243645830592	20.1209658993894	0.000177490221599387	0.0179520895750437
"CRTAP"	0.537351950026781	6.97890327946293	16.0931761355216	0.000183783008869701	0.0185077480497392
"COL1A2"	1.7336498535091	13.6827286567206	19.9747383072973	0.000184788653166226	0.0185284622711521
"ITGA11"	1.59884023960305	6.40876705028515	19.8947050109312	0.0001885253306114	0.0188216539121605
"FHL1"	0.633383131463785	6.62592729212636	16.3596786748296	0.000191217354306745	0.0189619471675013
"P3H3"	1.02918201920276	5.70679926648446	18.5316567461671	0.000192084447806012	0.0189619471675013
"CSPG4"	1.37825756058587	8.96635608279412	19.8236601465895	0.000192490720023114	0.0189619471675013
"SERPINA5"	1.96816188266113	5.62636457290266	19.8112058290955	0.000193205229752625	0.0189619471675013
"ENSG00000273151"	-1.23340913456071	3.39129633301975	15.890573155744	0.000199642496737781	0.0193996136227014
"IGSF3"	1.02172291082457	4.97574563917064	17.4161224087324	0.000200265756556005	0.0193996136227014
"CDCA4"	-0.646390801862408	5.09645367591389	15.8811604993183	0.000200413097024701	0.0193996136227014
"CKB"	1.195929766652	6.44194927524295	19.4640013398051	0.000201014906719987	0.0193996136227014
"RTN4RL1"	0.981968172467792	4.52406911159936	16.0886255217215	0.000214210479013003	0.0204367091059603
"PLOD2"	1.57659594078836	5.69613306459141	19.4149506124706	0.000214268940712329	0.0204367091059603
"TMCO3"	0.498222506229601	6.06647879774374	15.7164844066901	0.000214408095706259	0.0204367091059603
"CA2"	-0.818493891574845	6.60964466686491	17.5795722012217	0.000215382867717076	0.0204454835330448
"TPI1"	0.500407119974725	7.92505330622602	15.6467669425409	0.00022063636899459	0.0208586921577661
"TFRC"	-0.697500116587369	6.35765322029791	16.3069382507375	0.00022485739531443	0.0211713292287513
"HOXC10"	1.62096778413252	2.77681279422111	15.554001730437	0.000229217316550092	0.0214944594572195
"RAB34"	0.724025799407943	5.79684548504257	16.0686487805804	0.000235559501898607	0.0220001176732884
"PAPPA"	1.14055351426968	6.04380210420911	18.6965395796846	0.000236512087293176	0.022000373356966
"PPOX"	-0.788395523606413	5.37678586227925	15.8600642686832	0.000239648902366124	0.0221687082829705
"TNFRSF14"	-0.488866526831663	7.44237275784081	15.4400536023653	0.000240235980443208	0.0221687082829705
"VIM"	0.403727507944636	11.3370943402436	15.4177012352764	0.00024246143364551	0.0222852846273703
"UBAC1"	-0.60417329141423	5.96049363300705	15.4033471165898	0.00024390188227355	0.0223290727162844
"ACAN"	1.78457845962978	10.6096740467041	18.9253729137382	0.000247725219051604	0.0225615364956249
"H2AX"	-0.493688435601303	7.96994481844606	15.3553218143383	0.000248786445209827	0.0225615364956249
"CCDC80"	1.32803659596403	7.63658181680324	18.8919104273401	0.000249363325398497	0.0225615364956249
"LRRC8E"	2.5835762244495	2.46296038679816	16.5193491225158	0.0002540426733773	0.0228954723765176
"PTPRF"	0.591385084679098	7.13011539935512	15.6189221846092	0.000255191644595834	0.0229013861360235
"SLC39A13"	0.569380473109828	6.41619872544269	15.2704033367625	0.000257674456118156	0.0229013861360235
"REEP3"	0.859711085357187	4.40630606856407	15.2686153767464	0.000257865111751428	0.0229013861360235
"CEMIP"	0.892228248584703	5.89527510128597	17.1254823786886	0.000258063283891811	0.0229013861360235
"ITM2C"	0.494122006314869	7.07780564576151	15.2246128202911	0.000262603869945023	0.023196697547271
"FXYD6"	0.718518164935718	6.22431756740863	16.1081840939894	0.000263393983893113	0.023196697547271
"SELENOM"	0.840770094809983	6.64667827253708	17.2936727201435	0.000271680260082902	0.0238358264546976
"ANTXR1"	1.34575628078154	5.8258116536642	18.4453971441227	0.000276613246754998	0.0241256030355032
"CHI3L2"	1.87986765675958	7.5796204615397	18.5320539105794	0.000277066333107843	0.0241256030355032
"CHST3"	1.14878700674969	7.17947166187344	18.3821483102794	0.000281487758591451	0.0244187994924914
"SNAI2"	1.21642755339063	4.91301020418695	17.3698654905117	0.000291344871358812	0.0250375235420856
"NAMPT"	-0.518646678984321	7.78046627216106	14.9739049020408	0.000291391790287584	0.0250375235420856
"DBN1"	0.589992559818166	6.26890807282646	14.9654321765667	0.000292420312745595	0.0250375235420856
"MMP19"	0.55407148817896	6.84344307047016	14.9591114803711	0.000293190060034058	0.0250375235420856
"LCOR"	-0.614031880237011	5.83280997965261	14.9489649715821	0.00029443014268199	0.0250375235420856
"SHISA4"	1.22137564392383	3.42781256697126	14.9434542018369	0.000295105946247706	0.0250375235420856
"MRC2"	1.09020404858634	9.53727224013743	18.2562685526074	0.000297846249652416	0.0251777913666032
"TEAD3"	1.08690693989815	4.2861393291676	15.4740249439621	0.000301858690212157	0.0254201879823988
"CAVIN3"	1.42641630752738	6.42242800778761	18.2099958049088	0.000302908724770835	0.0254201879823988
"C1S"	0.978623436009168	7.20385773475767	17.8309344492135	0.000305039880325869	0.0254678451848013
"BGN"	1.49433477365025	10.5644549631372	18.1901361103949	0.000305675717182228	0.0254678451848013
"PCOLCE2"	1.483395522495	6.15346066200905	18.0837121838826	0.000313974377410527	0.0260655001060309
"ADGRG2"	1.84442680462193	2.45201277174562	14.7679304901674	0.000317499208294325	0.0262639880804042
"CTSK"	1.28146861795831	6.7473441624868	17.9992256285206	0.000319993679243098	0.0263761338029488
"CRISPLD2"	0.565855353026883	7.41763095715052	14.9790178424075	0.000327215800641128	0.0268757885618787
"PCDH19"	-1.18003273112289	3.88748084160366	14.8315065322126	0.000332831505227873	0.0272160810815688
"PLIN3"	0.513288005724554	6.48679021975278	14.6487474329744	0.000333708964129416	0.0272160810815688
"TPST1"	0.723199050256853	4.71032255487572	14.6303935793075	0.00033628088674289	0.0273088639297749
"ANGPTL2"	1.497972944836	8.70825390398812	17.8484809392876	0.000337496496375865	0.0273088639297749
"CLCF1"	0.738245306814135	4.43026370560789	14.6154956217135	0.000338383729723055	0.0273088639297749
"PER1"	-0.389969276770493	9.69883746712226	14.5782825149415	0.000343696469941708	0.027549172236582
"KLF2"	-0.442163181845127	9.06847803435017	14.577978623316	0.000343740211396779	0.027549172236582
"DGKI"	1.83127916487592	2.71110886399451	14.7653365726296	0.000347738836267035	0.0277735411228174
"MXRA8"	1.15743963133469	8.81427259600898	17.7201435317543	0.000349110085930468	0.0277872433344382
"TIAM2"	1.35267322795166	6.05308136318401	17.644187875529	0.000353042808299735	0.0280040326227344
"IGLV7-43"	-0.920200006014586	4.55354048972439	14.7292605640185	0.000358406222144034	0.0282336846036541
"CCN6"	1.93772071300516	1.87775546526785	14.5073473064152	0.000359339111693354	0.0282336846036541
"MAP3K12"	0.736785069704335	4.82512615373369	14.4702939405945	0.00035961160632189	0.0282336846036541
"CD109"	1.13475995463573	5.36863432494934	17.0021157697283	0.000360813860749574	0.0282336846036541
"SPATS2L"	0.718081475361357	5.21743411375676	14.4582843886324	0.000370261968819452	0.0288650170222567
"VGLL3"	1.15007826690426	3.40152979081426	14.3916963064635	0.000371677183154676	0.0288650170222567
"SEMA3D"	2.19915766607907	3.11493418115538	16.1066847326259	0.00037262067566077	0.0288650170222567
"CHRD"	0.893019204208644	4.81661534655904	14.9462396515101	0.000375598139166009	0.0288866293953068
"SULF1"	1.46070119994368	5.89489135156922	17.4632005957254	0.000375704299914173	0.0288866293953068
"ENSG00000271811"	1.73382992366214	2.72745053592712	14.3948702632146	0.000376641139684943	0.0288866293953068
"PLD3"	0.468802145380318	8.25695921045193	14.3480417639495	0.000378560272921628	0.0289379968363391
"P4HA3"	1.75226527416344	3.93422029823037	16.5452748857587	0.000383406253654806	0.0290125398538471
"TAFA5"	1.95045245240303	2.43688381522753	14.4640082780347	0.000383550747589841	0.0290125398538471
"PPIB"	0.466785910989747	7.60182511891427	14.3140350642592	0.000384014224012363	0.0290125398538471
"CTTN"	0.507261090727157	6.95853473621605	14.3107475591648	0.000384545796353124	0.0290125398538471
"SLC2A10"	0.94768039468185	4.92735384633464	15.4074480051901	0.000385869793988641	0.0290179096375484
"MAP4"	0.490236692818668	7.79727811676173	14.2919376507777	0.000387602053371928	0.0290538471203903
"COPZ2"	1.18337797133402	4.64198186845647	15.9606069803649	0.000390082067962146	0.0291454221230298
"TAL1"	-0.83465549367184	6.40604717412675	16.066526765521	0.000391496671062045	0.0291570607560742
"RBM38"	-0.872823528154593	7.58807098414255	16.7526359155704	0.000393935831507692	0.0291577824438588
"GPC6"	1.74113545091887	4.62439858774895	17.1959938501338	0.000394024087079173	0.0291577824438588
"SIX4"	1.8288611580402	2.44259081434568	14.2319293048257	0.000397522747687832	0.0292761979185634
"JARID2"	-0.496586403372087	6.55400660177366	14.2281744433637	0.000398152246971223	0.0292761979185634
"SH3PXD2A"	0.76305100356518	8.13846387967407	16.2814277728067	0.000406947964593899	0.0297994613883265
"JAG1"	0.599395921874148	7.5300533990262	14.8629466112804	0.000407841691568065	0.0297994613883265
"COL11A2"	1.26046527973485	8.00652841635051	17.178503216637	0.000410170580549439	0.0298753804612771
"SSC5D"	1.50567262473903	6.68200757525726	17.1290990082906	0.000416797985105473	0.0302629308182224
"C1orf122"	0.597597812782379	5.20053682936495	14.0740478344096	0.00042490976719989	0.0307555000871371
"TET3"	-0.595876459170586	7.33750904454673	14.6425224599328	0.000429093599212795	0.0309615761525444
"TLCD3A"	1.21646235929912	3.28014462955049	14.0198612457487	0.000434757032756144	0.0312728024617945
"VWA1"	0.995990433212944	7.02111369198934	16.7275391663122	0.000437132537589271	0.0313463276645284
"TPBG"	1.3963992765859	4.85333851346904	16.6108398733739	0.000438684912579622	0.0313605553863247
"P4HA2"	1.56249207821814	5.28330804763984	16.8988861041264	0.000442641667366709	0.0315460501524545
"BACE1"	0.680365555917657	5.29386275617432	13.9660611439418	0.000444769813387631	0.0316004859438169
"KCTD15"	0.633900822638934	5.49744808048029	13.9376574563801	0.000450152796833805	0.0317550580315534
"IL10RA"	-0.553846938374163	7.80900296126211	14.319241391671	0.000451927905994164	0.0317550580315534
"MARVELD1"	0.597819501407347	6.35430751527711	14.0943695661969	0.000455364694900859	0.0317550580315534
"CCL3"	-0.509195522337995	7.98291118082926	13.9784309656391	0.000456243386060215	0.0317550580315534
"GPRC5A"	0.842620683091988	5.65199643432457	15.2265748500424	0.000457333180457157	0.0317550580315534
"BMPER"	1.18630241396958	3.37966590154607	13.895735426605	0.00045822225161662	0.0317550580315534
"PODNL1"	1.29268532209904	5.39409621675258	16.6252827267689	0.00045959267466093	0.0317550580315534
"THBS2"	1.69024504970534	7.72525451732335	16.7887481845056	0.000461754941039255	0.0317550580315534
"LTBP1"	0.484004002490452	6.91100241346287	13.8773496604112	0.000461808749035291	0.0317550580315534
"TPPP3"	1.46648619487941	5.72530220663392	16.7609685618311	0.000462577695637835	0.0317550580315534
"STX11"	-0.747176103134743	6.23994043087094	15.0640535834592	0.000463425235969566	0.0317550580315534
"SLC5A3"	1.03651715456303	3.75250147847468	13.8584845532679	0.000465519206789753	0.0317550580315534
"RHOD"	1.83264188313185	3.07132115175834	14.6656688522437	0.000466942324727611	0.0317550580315534
"AHNAK2"	1.51897246329356	6.78495805590658	16.7496655375951	0.000467002154974439	0.0317550580315534
"CYP27A1"	0.93596901318197	5.33947270950891	15.4141938324417	0.000468393338174643	0.0317550580315534
"SNAPC2"	0.920044904572588	4.00359017838381	13.8415253730246	0.000468881350781076	0.0317550580315534
"COL27A1"	1.44551580016495	6.72470143074463	16.666097655744	0.000478637807955683	0.0323213087692989
"MVP"	0.415484819467625	7.45801084836943	13.7646744595437	0.000484437572661514	0.0326178577267034
"APCDD1"	1.07536939392943	4.27465021994473	14.3419082923556	0.000498690235463827	0.0334801832864149
"FGFBP2"	1.82149504907089	6.5695476972846	16.4999755564341	0.000503733111252837	0.0337210009330584
"KDELR2"	0.627815296160702	5.55226974974535	13.6629040579889	0.00050587121091118	0.0337665388677947
"MMP9"	0.912526259586665	8.98697185226301	16.3343864654596	0.000507953532227317	0.0338081026248538
"FNDC3B"	0.432186807252611	7.06177172539334	13.5895486404715	0.000521932598989929	0.0346389766699276
"TMC8"	-0.636841807661313	6.80128430845877	14.2926261559616	0.000524753611592847	0.034641392116024
"GAPDH"	0.405367126783089	10.421006122348	13.5759850669538	0.000524960220737605	0.034641392116024
"ISLR"	1.58693896120225	7.96180670251643	16.3467456895577	0.000527687243840751	0.0347224202893167
"COL14A1"	1.24446179962013	6.96934793670049	16.2876542002033	0.000535013123039096	0.0351047420845086
"SERPINH1"	0.950732591388597	8.51801213401198	16.1662768499325	0.000539461415841911	0.0352966251800292
"FOXP4"	0.66163756838078	6.28837685637449	14.169296114105	0.000544377704767773	0.0355179616840314
"MTF1"	-0.58893981287834	5.18896364625163	13.4841173919745	0.000545955174677496	0.0355208251569667
"CDH13"	1.29437914321835	3.93572708903459	14.3587499424196	0.000550890089487101	0.035741502108404
"LOXL4"	1.26252861126655	3.82250902597173	14.0518960280256	0.000558790028713024	0.0360671854942993
"ACP5"	1.12335673129396	7.16142962207674	16.1141763969498	0.000559024246285012	0.0360671854942993
"LILRB1"	-0.76993131798063	4.60856937415336	13.4215265902245	0.00056075984690078	0.0360786654830996
"NFE2L1"	0.449031568538955	7.59139116839888	13.4095124038171	0.000563649189255586	0.0361641067078612
"NDN"	0.763615632422508	4.92642793461089	13.5384869944786	0.000567551137846594	0.0363138658972453
"PHLDA3"	0.939604925393575	5.33944293069675	14.8843028131729	0.000576372256485841	0.0367766782499313
"TYRO3"	0.879883672281229	4.14004330403097	13.3173115260193	0.000586346812520556	0.0372134562817912
"DAP"	0.455149276336482	6.72615452608276	13.3169770858476	0.000586430858425602	0.0372134562817912
"TNF"	-0.472700236629758	7.40627764428435	13.3102143433548	0.00058813305846173	0.0372195024592639
"MARCHF8"	-0.507144268358955	6.7578513540988	13.2945447375739	0.000592096989264352	0.0373277202263857
"NGEF"	1.90005949082836	5.07614546321375	15.960892387853	0.0005930662742125	0.0373277202263857
"COL12A1"	1.6919221364754	8.26408109933961	15.9491757428652	0.000595887120942603	0.0374036246484351
"PDIA4"	0.440628267147682	6.81042667427599	13.2524603376566	0.000602881698143989	0.0376831897544066
"TM4SF19"	2.97958084370294	0.923596423972018	13.373296719262	0.000604539527268375	0.0376831897544066
"S1PR3"	0.720194671177693	6.85795925842285	14.6433412780224	0.000605221767923291	0.0376831897544066
"ZNF469"	1.09905191616031	6.09864744326924	15.6811966939075	0.000612941003470153	0.0380615000599884
"PIP5K1B"	-1.4651846908763	3.07934031353423	13.2146488572313	0.000620595299173654	0.0383696362397057
"MBD6"	-0.55237024148415	7.04022722269117	13.4244553536802	0.000621216371206702	0.0383696362397057
"PTH1R"	0.871342107903388	5.87251234714895	14.8278073861888	0.000623672378503274	0.0384188819970554
"TPM4"	0.42593888611897	8.08197397141313	13.1560087589704	0.000628379550652016	0.0386061728175119
"CYRIB"	-0.691164152119627	5.02733043859377	13.1270325218038	0.000636257680367844	0.0389867735256085
"GAS1"	1.4341101231501	7.15779609452193	15.7240924662563	0.000638546668684019	0.0390237940370957
"PTK7"	0.624600562387062	6.23633889354187	13.5033000893714	0.000645165199403822	0.0393245167068192
"OLFML2B"	1.21017371355213	7.48785670641117	15.6550283005072	0.000650971666919074	0.0395742933049333
"ADAMTS14"	1.4693473742387	4.64149164019069	15.3556235564715	0.000654306838934239	0.0396718162403545
"MYO15B"	-0.498000709840771	8.77769394514786	13.3246187099911	0.000656001451517821	0.0396718162403545
"COL1A1"	1.70607754939844	14.5589873144343	15.6268295054857	0.000658271326424053	0.0397054178714425
"CILP2"	1.46565800975658	8.44058038476739	15.6143123925686	0.000660791451002477	0.0397539002288815
"B4GALT2"	0.599772271170465	5.54786117854251	13.0321910288241	0.000662772445464609	0.0397697807819981
"IFITM2"	0.472957200505286	6.8382602933486	13.0222917480264	0.000665605709777528	0.0398365877257548
"SLC27A4"	0.604015150611318	4.81698605519187	12.9901480519264	0.000674893050589005	0.040102883062907
"C1QTNF8"	2.12772158544036	2.99296038040293	14.30958528698	0.000675085335061386	0.040102883062907
"SEC24D"	0.560140215573232	5.76475598225656	12.988924263797	0.000675249304659949	0.040102883062907
"MAN2A2"	-0.603478410806233	7.62968638503456	13.8123904461099	0.000679417332340604	0.0401259384405053
"CDO1"	1.67862294023919	4.79275006623269	15.4695501637299	0.000679988702540527	0.0401259384405053
"FN3K"	-1.01291553147302	3.90441566092597	12.9698251476395	0.000680834720970494	0.0401259384405053
"ADAMTS5"	1.15300840078286	6.07345246569635	15.3950316650069	0.000685183314539215	0.0402797358663891
"PRRX2"	1.30123084979701	4.10981690521552	14.2104937032733	0.000688569643535719	0.0403051822250815
"ERFE"	0.945363451916862	4.21776396197358	12.9825458676378	0.000689096458040422	0.0403051822250815
"SPON1"	1.45169451116369	5.30776195682064	15.4241639894324	0.00069239585318353	0.040313868125822
"GRK2"	-0.487605885879162	8.46815864648852	13.066723430175	0.000693501569225784	0.040313868125822
"PHPT1"	0.592312101045431	5.13844227259836	12.9238903422188	0.00069446651334958	0.040313868125822
"LBP"	1.6980233529162	4.76854723825695	15.3820080938153	0.00069962488575134	0.0405117790094313
"ST3GAL4"	0.760682048142107	4.38425552475811	12.8910645343267	0.000704382434442512	0.0406246404222738
"ENSG00000274642"	3.41707014527577	-0.391216170660573	13.3236120979136	0.000705823817869565	0.0406246404222738
"RIN3"	-0.524278245920115	7.73969040382183	13.1444647700826	0.000708436367790121	0.0406246404222738
"CLIC4"	0.466493197874722	6.33193293899711	12.8772822748466	0.000708589704282817	0.0406246404222738
"PLEKHA4"	0.966977078734575	5.66270840715192	14.7517172196848	0.000714351011558742	0.0407689349874538
"EVC"	0.945493385242681	6.23044379490369	14.9680976154008	0.000714626871811857	0.0407689349874538
"PHETA2"	0.843337796041753	4.16699331981485	12.8463821495568	0.000718118153518153	0.0408674512820331
"RCAN1"	0.60085905402419	5.9991174687614	12.9540554430718	0.000729128840556106	0.0413923583454915
"NNMT"	0.858843330033234	7.53572399831858	14.9690505021178	0.000732515350364527	0.0414829353181985
"ARHGAP27"	-0.500122408235885	6.92208050930396	12.7937010856197	0.000734672811763346	0.0415036382099088
"ARHGAP4"	-0.601415879050904	7.60285886776251	13.6256800631129	0.000736815417345301	0.0415234031546274
"PHACTR1"	-0.612552064917908	5.49705911482664	12.76113900853	0.000745104100264913	0.0418885950736309
"NBL1"	1.28741244524384	7.59603454431594	15.1824471823635	0.000755768129481001	0.0423852334504575
"SHISA9"	2.81993666228229	0.969382901106609	12.7986787975659	0.000761090210296792	0.0424184089251001
"LAMB3"	0.652159015751771	5.32640272590822	12.7186745156301	0.00076268260083624	0.0424184089251001
"TSHZ3"	0.670509583685627	4.59775158367917	12.7065341084022	0.000762945462509801	0.0424184089251001
"CD83"	-0.463226789198717	6.8873997993333	12.7042989783273	0.000763685196518727	0.0424184089251001
"CTNNB1"	0.402885055297639	7.7451859937657	12.6842421768934	0.000770356771802168	0.0426866113600043
"CLIP2"	0.469038099064173	6.64945676487499	12.6262741060259	0.000789983353014413	0.0435379820166272
"MCM7"	-0.514566736283262	7.28451657194072	12.7164146606906	0.000791357490872143	0.0435379820166272
"ENSG00000266980"	-2.24762684416746	1.42526273773802	12.6495861542769	0.000791360436447631	0.0435379820166272
"GALNT2"	0.407325433394373	7.11673351967447	12.5892386864338	0.000802795499292162	0.0440624392289219
"TBC1D16"	0.579611979131377	6.89531580312054	13.0653162797664	0.000805398485823072	0.0441008031409787
"SPOCK1"	1.53462807593885	3.96719117662203	14.0296951919721	0.000811925755286906	0.0443421705673141
"COL4A2"	1.10795459601924	9.84036808633579	14.948465777134	0.000813635372209156	0.0443421705673141
"PRDX4"	0.625340120300106	5.14431389609824	12.5415280694223	0.00081962135537167	0.0445635442091986
"SPRYD3"	0.504735758923643	5.82966277595355	12.5105171346135	0.000830755028769213	0.0449718451769986
"ATP8B2"	0.485203042266692	6.78955380582826	12.5098005777204	0.000831014149717443	0.0449718451769986
"ZFP36L2"	-0.403406425600254	9.84610304790073	12.4913294175361	0.000837722905241117	0.0450247882639472
"TBCB"	0.50068990497183	5.47587368946119	12.4891027950137	0.000838535431135986	0.0450247882639472
"NID1"	0.522886108587779	7.64217902575559	12.7809836793807	0.000839109063303828	0.0450247882639472
"PIEZO2"	0.845357500333072	4.17238241740903	12.4801462771949	0.000841812116510561	0.0450247882639472
"IGF1R"	-0.429390425585935	7.14754539428605	12.4730157591498	0.000844430334329827	0.0450247882639472
"COL4A1"	1.20505533077497	9.77434380949853	14.8307461520797	0.000845052857844545	0.0450247882639472
"RHD"	-1.51296177066869	4.30167562726109	13.9149723066033	0.000845599814127322	0.0450247882639472
"ENOX1"	1.76949483179778	2.13613665936517	12.4511756857567	0.000852502743316968	0.0452882305979532
"WNT16"	2.72183422517561	3.25804095212445	14.5998825745226	0.000858523677936173	0.0455001415652399
"PID1"	0.697614952548922	4.94534868353519	12.4299626411477	0.000860420602952037	0.0455001415652399
"PARVA"	0.916372984797	5.76996911921728	14.115982718401	0.000866539498295987	0.0457193345319628
"KIAA1549L"	2.40698936093128	1.83317087944136	12.4880955886757	0.00086967794566125	0.0457806376759224
"ABI3BP"	1.94256011197254	5.41519230217314	14.7158220084425	0.000876615105566534	0.0458603069487029
"GLIS1"	1.50901182132952	3.09658455324186	12.5882538794151	0.000878746029814831	0.0458603069487029
"INSRR"	3.02423492648461	0.719576499439282	12.4561713947149	0.000881724000560402	0.0458603069487029
"OLFM2"	1.21656496382988	4.35204248695356	13.6886232182916	0.000882920103264942	0.0458603069487029
"ITGAM"	-0.860814327677471	7.12390233302385	14.3539011156503	0.000882934407631783	0.0458603069487029
"SCNN1B"	-0.922334119424728	3.87834968193646	12.3703864189527	0.000883071276190376	0.0458603069487029
"LDLRAD3"	0.811703887144099	4.28925685157347	12.3334439984732	0.000897428838828907	0.0464499284560428
"SMAD6"	0.757522704299614	5.95973207523454	13.4316970323587	0.000898435711437146	0.0464499284560428
"LLGL1"	0.563969776438239	5.99882133110063	12.315482113772	0.000904970695716497	0.0466558573775369
"ENPEP"	0.757073529980769	4.05444003220751	12.3105533017902	0.000906447449265678	0.0466558573775369
"CAPN2"	0.416336396428561	7.08593542415011	12.2823384850094	0.000917694162497184	0.0471300048597778
"HEXD"	-0.572768345407926	4.96723509815312	12.2628746002936	0.000925537585667293	0.0474276583168713
"SDC1"	0.534754266569772	6.20749300215357	12.2182473157771	0.000943786794583362	0.0482484482219357
"SGCD"	2.59547399675227	3.03706130534675	14.174936558417	0.000946920590595774	0.0482484482219357
"ADCY5"	0.862153780094646	4.18948608170961	12.2085438208058	0.000947804332138017	0.0482484482219357
"BARX2"	2.44351797111639	1.78573477808525	12.2762533826911	0.000952959101173931	0.0484044708363829
"TAF1C"	-0.443392714846214	6.46960170704383	12.1472027237684	0.000973618494063232	0.0493456270448415
"MYO10"	0.793565975061392	7.17897758208652	13.8888651584287	0.000979771890760421	0.0495490754012945
