"genes"	"logFC"	"logCPM"	"F"	"PValue"	"FDR"
"SRPX2"	2.92944492886758	5.44026112101723	99.2712684445366	3.54691772170973e-11	7.99688069536676e-07
"PMP22"	1.99452163707954	6.07215167701091	67.8392848566745	1.43716531858896e-09	1.13876305312893e-05
"TIMP1"	1.58220444721842	8.2041145292827	67.5244504939366	1.51525288715816e-09	1.13876305312893e-05
"CSMD2"	3.14407050833866	4.07637776822019	61.0405328857656	4.68472629199855e-09	2.64054597448498e-05
"SMOC1"	2.53622241424355	6.78703970370123	78.6622069114217	1.05737849636028e-08	4.76793111578777e-05
"HMCN1"	4.06762463283402	4.52086131693498	72.9141796492221	1.66183596589155e-08	6.24462561449847e-05
"SLC39A14"	2.12834189992024	7.74667690485749	67.7774981762205	2.47369071160056e-08	7.96740439767802e-05
"ADAM12"	3.04187284592037	5.03162041565177	61.8708095547121	6.67240747914556e-08	0.00018804512378102
"GOLM1"	1.70445456492883	5.80685709422986	45.2908210872118	1.18357816647081e-07	0.00028502143282054
"FAM114A1"	2.19671133693298	4.99503944988836	47.4480774838763	1.26417738321893e-07	0.00028502143282054
"TRPV4"	2.35232520573376	5.57327834994726	52.66064506863	1.98160086500699e-07	0.000374039788574018
"ERRFI1"	1.75824890047085	5.81173716387126	44.9642128848938	1.99080877445588e-07	0.000374039788574018
"ANKH"	1.31329969050197	8.18989168628627	42.0477396831955	2.15695491406253e-07	0.000374082349941953
"NT5E"	2.26277927432294	4.99535469586589	46.2117065046571	2.78275134759379e-07	0.00044814222773464
"FXYD6"	1.38417077084071	5.95857136127747	40.1170004335486	3.36181032000179e-07	0.000478565335844953
"ANOS1"	2.91982719407449	3.64780306685083	40.4577568410936	3.54587585019425e-07	0.000478565335844953
"GDF6"	5.49728224229802	2.57410256666394	40.9957286139827	3.60844970698315e-07	0.000478565335844953
"RBP4"	2.08028345898521	4.61119277999466	39.4846203705991	3.89799486011209e-07	0.00048824551175604
"ADGRG2"	3.61797066645903	3.11544145597422	39.0958407423794	4.27208853932242e-07	0.000506939516881913
"TPPP3"	2.53997033101112	5.12928249188782	49.2868698718972	4.9147416575247e-07	0.000554038827052759
"SEMA3D"	3.99555308354712	2.92752511898009	37.0518931469397	6.97576663900386e-07	0.000748931593538005
"CD276"	2.1999488658436	6.09906386814916	49.5049354351806	7.68862273411138e-07	0.000787944037105796
"LRRC8E"	5.64253975807953	1.81286719153355	36.3814056064985	9.23783927008447e-07	0.00085226341058702
"ROBO1"	1.91784844943008	4.79873569613254	36.4562652825715	9.38044477515209e-07	0.00085226341058702
"PRRX1"	2.54318339060498	5.1135790180964	46.7235464288036	9.45027289305221e-07	0.00085226341058702
"CRLF1"	4.21029159846544	7.5993301208803	77.7684876214745	9.97848852523673e-07	0.000865288470346105
"SLC38A3"	3.43445833977981	3.19691165540403	34.8692088686148	1.19734588376682e-06	0.00099982815908914
"DSTN"	1.91915138308891	4.37103913290294	34.4478487838929	1.33172495812906e-06	0.00107232396092778
"IGFBP1"	5.36912454542438	1.94060407060418	34.8885807561713	1.6851851768374e-06	0.00127783056103277
"PTGES"	1.87285331323349	5.82540083758973	40.0041696653678	1.71460684149752e-06	0.00127783056103277
"MSMP"	4.53876069731385	3.00442563055116	34.6998058932473	1.76325810265207e-06	0.00127783056103277
"SORBS2"	2.13225800495367	4.06384923692835	33.2396653005408	1.81365111119704e-06	0.00127783056103277
"DNM1"	1.54215504547702	5.6130560228584	33.9924159346533	1.87965169401164e-06	0.00128420082100565
"TM4SF1"	1.21778970330731	6.13858592258023	32.5328098484611	2.17880915767588e-06	0.00144480680202825
"EFEMP1"	2.28223093388492	4.85631495475957	37.7237935920263	2.40011922552693e-06	0.00152044635636537
"CEMIP"	1.4499099123976	5.51170296448128	32.1196139639612	2.42775076861321e-06	0.00152044635636537
"SDK2"	1.66173946071738	7.35346918332843	39.145043220238	2.52348633694693e-06	0.00152422552435237
"HHIPL1"	1.99835454198264	5.25080631193782	37.1040637175359	2.56899538389914e-06	0.00152422552435237
"MFGE8"	1.24154480008224	7.12660796697193	31.8950559798507	2.65996407094741e-06	0.00153773204983539
"KCNMA1"	1.44968075670098	5.32066106625004	31.4460872305791	2.90043244999543e-06	0.00163482875043993
"MT1M"	2.0338069155428	4.33264121961802	30.8858735885347	3.36797803992167e-06	0.00185205933873351
"TNFRSF12A"	1.54912782181729	5.01529176175101	30.7913306780014	3.45447238815327e-06	0.00185439367769771
"PFKP"	1.07603019760087	6.80150359550216	30.6410327520988	3.59686249664104e-06	0.00185508052178857
"MT2A"	1.41554182248263	8.91621567143341	35.3588720851381	3.62031149466412e-06	0.00185508052178857
"MYO10"	1.4372235632352	6.57220337054498	32.7630861984993	4.89537788529598e-06	0.00243342876303272
"CTHRC1"	3.17650116959017	3.75632563946427	33.5191046324926	4.96485953603766e-06	0.00243342876303272
"DLX4"	3.80361373884296	2.38501986066094	29.1746283696474	5.36279002817067e-06	0.00257254178670502
"MAGED1"	1.162636114047	6.96621367074445	28.845997410568	5.87293393346814e-06	0.0027585660096661
"FGFRL1"	1.17146612310663	6.52733125891466	28.404497859676	6.64082764904874e-06	0.00305559388113169
"DST"	1.43637284758539	6.71241991538688	31.6684406958456	7.3964281300584e-06	0.00327283932144858
"SNAI2"	1.84482705679886	4.23281661038276	28.0167582068177	7.40330015940201e-06	0.00327283932144858
"KLHL29"	1.87382341736493	4.76025202098269	29.5451783338515	7.60340135446992e-06	0.00329665936418998
"NEBL"	2.21813245343769	3.58566719276801	27.7735126771613	7.92865652434892e-06	0.00337282056599945
"ALAD"	-1.06740359661593	7.14375974083394	27.6772478858087	8.14737205577701e-06	0.00340167871054719
"MXRA7"	1.262954799943	5.35697037853071	27.4971409459253	8.57396335794179e-06	0.00351470141578465
"GPRC5A"	1.3194829191995	5.68690106047722	27.3104257796967	9.04611462038389e-06	0.00357650038203456
"RHD"	-1.52192575767313	5.08215977004469	27.5971987043877	9.05194122736413e-06	0.00357650038203456
"BCAT1"	1.61891061385479	4.61252982455808	27.2491264820411	9.2006130647567e-06	0.00357650038203456
"FN1"	3.59199111569704	14.6563710958392	54.9692736473086	9.58566316600134e-06	0.00362962501510573
"ADAMTS1"	1.10744327667443	7.81391093880905	27.1392028446793	9.65925223571115e-06	0.00362962501510573
"TRPS1"	1.22847336303416	6.05361996576521	26.7573395910405	1.07023867054032e-05	0.00395567230590196
"PRICKLE2"	1.69279888832311	5.36638851915373	30.222797615881	1.10390195099898e-05	0.00401428603019727
"CRISPLD2"	1.00019206085506	6.87466205082848	26.4711773184364	1.15022467728155e-05	0.00411634374190313
"PROCR"	1.85239815734646	3.9127296509277	26.3745122333288	1.18283733440254e-05	0.00416691414709994
"KIAA1755"	3.11175971791638	4.97484188569967	39.5338989783768	1.23312690358539e-05	0.00427724294895941
"OMD"	3.86216618752875	2.46054362908654	26.1485133086385	1.26297652202444e-05	0.00431440434326712
"ANK3"	1.44594278243461	4.83116082545713	25.9440726830051	1.34044592173169e-05	0.00447243956838218
"SULF2"	0.997197422449258	7.29078631749713	25.9130877265687	1.35262069579674e-05	0.00447243956838218
"PPP1R14C"	4.45389682076062	1.84839448384747	26.1248716840856	1.37335750171473e-05	0.00447243956838218
"SLC1A1"	4.72990911554098	1.85260561946084	25.823254499861	1.38858675501975e-05	0.00447243956838218
"ITPRIPL2"	1.18506883519441	6.04572723145445	25.7108483075069	1.43502631595735e-05	0.00455691596050344
"PTPRD"	1.38054678630832	4.96431057129073	25.5737289200082	1.49391938170038e-05	0.00467804255275234
"SGCD"	4.45923927937372	2.8120311549531	28.1407815523478	1.67798601334567e-05	0.00511764925910257
"TGFBI"	1.96242553010558	9.11861856402888	37.6817488413817	1.67970391720744e-05	0.00511764925910257
"MAGED2"	1.03872335547982	6.89174041992555	25.0848147173357	1.72569706781544e-05	0.00514554923463596
"SAMD4A"	1.37053597980597	6.47238849996604	27.9015311794184	1.74720808487379e-05	0.00514554923463596
"CRYAB"	1.29779572936988	5.59075889289688	25.1818668522123	1.77857768282405e-05	0.00514554923463596
"RCN3"	1.44046106737862	6.44283792449165	28.6938893063996	1.78015098155595e-05	0.00514554923463596
"DCHS1"	1.44355761969871	7.94050797462053	30.1668056065047	1.82702912945585e-05	0.0052125369687272
"EMP1"	1.14306223595359	7.83121271437858	25.9734152661999	1.84956514458519e-05	0.0052125369687272
"APCDD1L"	4.56319467897177	4.34468758680975	37.6608845532361	2.33187751185937e-05	0.00648520178608405
"SPOCK1"	2.66880166228862	3.28500121636358	24.0404415323419	2.35867358493255e-05	0.00648520178608405
"PAM"	1.22887607713603	6.31219804879734	25.1477071782888	2.4005311743113e-05	0.0065207681754244
"DCN"	2.57756241566497	7.8190353603037	39.9353371211726	2.59712674553513e-05	0.00697081185771845
"MGP"	3.18939454359156	8.0274198311122	42.9859955500693	2.69046488884764e-05	0.00713637898634812
"MCM2"	-1.08847136683678	6.99753801332044	23.75062552955	2.79268069362898e-05	0.00732136964169291
"FSTL3"	1.11518939918076	5.18421186335216	23.3893482479015	2.87488214531964e-05	0.00745024055728467
"CREB3L1"	2.51369739167262	5.15677647640113	32.5410233386206	3.08048805481493e-05	0.00789235041862016
"GFPT2"	2.43410818136937	5.64842596651681	34.4002908700781	3.15372959047748e-05	0.00798921206145004
"AMOTL1"	0.984676593143487	6.11490831115268	23.0155197656864	3.22442356827102e-05	0.00807753930780428
"TBX15"	1.7849990240197	4.71996614739634	24.8923048760123	3.30275624409599e-05	0.00818285079993277
"SSC5D"	2.54766532642566	6.18661653564024	35.818396001722	3.40782425439286e-05	0.00835139191734147
"CERCAM"	1.72571054872503	6.95044911637387	30.296012465738	3.54271716082883e-05	0.00857091109482517
"CPXM1"	1.2447543225341	5.3618687104429	22.6270879515762	3.63588990944886e-05	0.00857091109482517
"COL6A3"	3.11720950341007	11.1083115311359	41.1949104868932	3.64627399922233e-05	0.00857091109482517
"FBXL7"	1.78393733606111	4.3886373378731	23.215021322849	3.64946094696716e-05	0.00857091109482517
"LTBP3"	1.18104198051073	8.78056452385109	24.849094973783	4.16715785727499e-05	0.00968584959279608
"CDO1"	3.00344037322735	4.39193667499467	29.073271691783	4.29016175785982e-05	0.00986999867272525
"P3H3"	1.53044900249422	5.39840683670634	24.5830209967211	4.40039060461032e-05	0.00998785648180859
"COL15A1"	2.4257749911672	8.58607062921902	36.2067621457072	4.42999045587181e-05	0.00998785648180859
"ITGA10"	1.92730977100939	6.664811186907	30.9009681741901	4.50017937369291e-05	0.0100456479365624
"FOXC2"	1.98264303882812	5.11176103608573	26.8706631628148	4.56403348557685e-05	0.0100734604834257
"SERPINE2"	1.82473765317358	6.17020606541891	28.9179197925865	4.60712676012098e-05	0.0100734604834257
"ITGB5"	1.68427763246289	7.97424168009851	29.7028169476959	4.68736930009237e-05	0.0100734604834257
"COL6A1"	2.81885187115953	10.6307582063132	38.3530104245163	4.69135700682914e-05	0.0100734604834257
"WNT16"	4.67385889592591	3.16790140175726	27.2156242867106	4.77270711834047e-05	0.010083162113205
"CALU"	1.35917940297266	5.10078392741643	22.0304701334963	4.7853204387161e-05	0.010083162113205
"RCAN1"	1.04929019077617	6.14326037625645	21.5639579790589	5.07457721489122e-05	0.0105936498043461
"IL1R1"	0.872724543915136	6.29581825588049	21.3232717125932	5.47775502546314e-05	0.0112961781555092
"PRELP"	3.25825207992167	10.1406982297373	37.8975069870137	5.5113084232503e-05	0.0112961781555092
"AOC2"	1.47095562608274	4.26658960918924	21.258334870034	5.59226794416371e-05	0.01135885342965
"HTRA1"	3.11289377661203	10.0005778884502	36.9986253007318	6.09888993233682e-05	0.0122489214569838
"COL6A2"	2.60857020856243	11.0485656460245	35.9696696085122	6.13912944486457e-05	0.0122489214569838
"SCX"	2.10253680661997	3.39765998406808	20.9233042892087	6.22490285793919e-05	0.0123111105118506
"RAMP3"	1.47298154626338	4.70330665666468	20.7965025947712	6.58016252204038e-05	0.0128659807162401
"STMN2"	4.93195444790441	2.04998201398566	21.4985602534381	6.67847362223476e-05	0.0128659807162401
"HOXC10"	2.87730880746115	2.89654723999851	20.7044171618423	6.67900497261464e-05	0.0128659807162401
"ANK2"	1.37803736195041	4.86294141851652	20.763050384218	6.73372538151483e-05	0.0128659807162401
"ECM1"	2.81170532294822	5.25290323943742	31.6411187764243	6.812458525389e-05	0.0129070327658336
"FSTL1"	1.84606528096755	7.77343690814984	29.4817965202911	6.91761951388771e-05	0.0129970541300094
"RARG"	1.16202222889627	5.69949557784919	20.8110061666767	7.01416528636239e-05	0.0130296154650405
"ITGA5"	0.789542625177832	8.61780839040813	20.4980589838137	7.1394548760897e-05	0.0130296154650405
"CHST6"	3.06820259578611	5.27949970248935	32.053501894275	7.15663977707203e-05	0.0130296154650405
"KDELR3"	2.97687162337544	2.98043407544393	20.8989884760758	7.16611513201907e-05	0.0130296154650405
"FOXD1"	2.05343396503988	3.43719712180945	20.257638310618	7.71882789849054e-05	0.013921853410704
"CYP27A1"	1.42500725712878	4.81655820413454	20.5918158361903	7.780331454576e-05	0.013921853410704
"ANGPTL2"	2.54181576519673	8.26949111989915	33.1872390128662	7.90773935755265e-05	0.0140384166579041
"CHPF"	1.35610735067295	6.88983148845293	23.9146195435436	8.04203257040654e-05	0.0141403743719182
"HAPLN1"	2.98530345694645	4.60630119753602	28.2166412794783	8.1301013878472e-05	0.0141403743719182
"C10orf105"	2.01033579420557	5.51601373486271	26.0940004299823	8.15332506142717e-05	0.0141403743719182
"TIMP2"	0.859084479267349	8.2138737114889	19.9910592801255	8.42015850197743e-05	0.014491671266075
"MCM4"	-0.967105337036009	6.65603395367152	19.9388981275203	8.56514533845677e-05	0.0146295277879429
"ANXA2"	0.868471725113467	7.13225480014516	19.80919868127	8.93728496634627e-05	0.0151359222623277
"CHRD"	1.47624151466569	4.4631120430034	19.7737265361859	9.0420299197623e-05	0.0151359222623277
"COPZ2"	1.91790565195157	4.01416223719542	20.2020774438412	9.10801330526765e-05	0.0151359222623277
"PRDX2"	-0.908605756878232	8.34567933641913	19.7362644856717	9.15406919362837e-05	0.0151359222623277
"ANO1"	2.0694074187256	4.38216506296489	22.4481148851307	9.21943209523412e-05	0.0151359222623277
"CDH5"	1.23315683271184	6.53607605657459	21.9403319748872	9.30576856349089e-05	0.0151359222623277
"CLVS2"	4.22477783009606	1.47911187138523	20.0124202116659	9.33155856676815e-05	0.0151359222623277
"ARMH4"	2.25911749883559	2.74993702661319	19.6269127829404	9.48963615935562e-05	0.015282381203488
"SYNPO"	1.35603407834603	7.46559381114068	23.6660015767473	9.57412770044198e-05	0.0153090980946216
"CLCF1"	1.11132978482947	4.41713235401338	19.5037285706114	9.8833786479295e-05	0.015692299647621
"SLC7A2"	2.33394061747231	6.3695297345528	29.667945334969	0.00010095285355482	0.0159166645891397
"CAV1"	1.39696590303607	5.40652677284891	21.0824155521676	0.000108791063792173	0.0170333564184606
"JAG1"	0.942926375567637	7.11702343536523	19.1476604566404	0.00011122362607106	0.0172941232648146
"C1QTNF8"	3.81955930620438	2.25307034215436	19.3320234222506	0.000116150982338926	0.0178885179290462
"ZCCHC14"	0.911711184564385	6.19835887708045	19.0052288691562	0.000116633200371232	0.0178885179290462
"PENK"	4.53771197326945	2.66128672831997	20.6439441589702	0.0001246692376645	0.0189468966092738
"ST6GALNAC5"	3.6268918521632	2.17415882817027	19.1007697978389	0.000125214565545187	0.0189468966092738
"RHOC"	1.18852136652562	6.23296790178294	20.2829417120192	0.000129673131750507	0.0192849172059316
"FN3K"	-1.38408234127327	4.30360002385244	18.6836377571299	0.000129903441159839	0.0192849172059316
"FKBP10"	2.51499517895995	7.39480744488067	29.8430744278032	0.000130014522101552	0.0192849172059316
"TANGO2"	-0.851783287043238	7.23895269321036	18.6295449984475	0.000132289040134717	0.0194734168900981
"RASL12"	2.19106661400707	3.42966992345518	18.6010240025689	0.000133565593987754	0.0194734168900981
"BLVRB"	-0.898521494852344	8.07013962542459	18.6030980762043	0.000133906532807548	0.0194734168900981
"CYTL1"	1.72711782250095	4.86045648027006	20.9480410750867	0.000134740221540641	0.0194734168900981
"AOPEP"	1.08122681428253	4.96263390451597	18.5424152836467	0.00013623013097462	0.0195633409742279
"TNC"	1.94426538155611	10.4216960006028	27.7759782122574	0.000144767323317084	0.0205282189559305
"PODNL1"	2.03393333897855	4.86128839696125	22.8957366179449	0.000144770106182602	0.0205282189559305
"TNFRSF11B"	3.94126121695708	5.91320080599598	30.3746533051651	0.000146509451365404	0.0206450130655276
"ITGA11"	2.45381223468002	6.00103860605794	27.7058028718889	0.000147767379145939	0.0206907186572591
"PAPSS2"	2.20528903417951	5.83946496807411	26.2383051399449	0.000149013787192711	0.0206907186572591
"PRKCA"	0.836578980880724	6.08311095521591	18.2658938465664	0.000149586939640434	0.0206907186572591
"THBS3"	1.19476504588835	6.19345276177153	19.9007634136593	0.000151364340953517	0.0207286834805585
"SMOC2"	3.21871280164491	7.11140037584173	30.131579583177	0.000151700202887082	0.0207286834805585
"TEAD1"	1.63296706570133	4.41725456360566	19.0470412415746	0.000154257375181047	0.0209511251857342
"GALNT16"	2.6523591214136	5.35031072107534	26.2314369636085	0.000155715093312071	0.021022470022838
"MAP1A"	1.21142668114284	6.74008205194812	20.5214273296154	0.000158279474170937	0.0211690545411135
"POSTN"	4.44710007211822	3.38412135018053	23.7030535817565	0.000158678710966388	0.0211690545411135
"GTF2IRD1"	1.32409083976035	4.30876839577031	18.0102525950169	0.000163178644458977	0.0215714462211328
"KDELR2"	1.09703930224292	5.40383227133874	18.0025413888107	0.000163608502786024	0.0215714462211328
"MXRA5"	2.29333825797681	8.1196436350661	28.074457528202	0.00016599652618314	0.0217590562751458
"PLOD1"	1.05069997228691	6.95288402519446	18.9929851940418	0.000169958216008766	0.0218971832095404
"ADCY2"	2.20392718110734	3.27067949038121	17.8773473263114	0.000170758537125968	0.0218971832095404
"EFEMP2"	1.11540119500223	6.1027552038372	18.8766308591889	0.000170923155607748	0.0218971832095404
"PXDN"	2.08215116416304	6.85740861539983	26.4996391443174	0.000170935165655953	0.0218971832095404
"IGFBP3"	1.34299119039997	6.86051213764873	21.4013340093794	0.000173878395127022	0.0221483745566883
"C1S"	1.39866978668444	6.81971335118573	21.8684540236248	0.000176321762092578	0.0223322467911387
"FARP1"	1.39081312087312	5.7471720376584	20.3745590751524	0.00017730294400842	0.0223322467911387
"SLC25A37"	-0.866614578547989	9.05488689579887	17.8457297774209	0.000178995994020824	0.0224202426732972
"HTRA3"	1.43455040452798	5.62703763492971	20.5363010922998	0.000180519444458399	0.0224861403025363
"AEBP1"	2.21200092267422	9.37332406086624	27.5869861912086	0.000183222922520098	0.0226457522796938
"CDK2AP1"	1.24234050751827	5.19467646208744	18.1958450694401	0.000183809663230017	0.0226457522796938
"SNX33"	0.941398270713858	5.89489806006597	17.6069984759214	0.00018735757883641	0.0229574128937266
"IGFBP6"	2.67840952813366	5.46535587002847	26.6282513458037	0.000189404739326738	0.0230828067722196
"OSMR"	2.05180382464517	5.48157531833351	23.9120386140879	0.000198587421689612	0.0240717849968495
"CD109"	1.68130978315379	5.09233801377316	20.7890759705702	0.000202284408171321	0.0243368294893617
"COL7A1"	2.3924323007417	5.91968920831529	26.0958429585472	0.000202932845915018	0.0243368294893617
"NIBAN2"	0.763558264974717	7.90503679858813	17.349724747519	0.000204755135319063	0.0244254459307069
"CCN4"	2.74278651949507	4.0885610908741	21.6109212040121	0.000206058149542786	0.0244515107346929
"ASAP2"	1.09915472367451	5.17422268006815	17.3144870024092	0.000207268740455991	0.0244663927870197
"FMOD"	3.0329849729899	10.2037507008785	28.0660909429294	0.000214782014287312	0.0252212254902174
"TIAM2"	2.08215333066128	6.17510613723153	24.2904542539687	0.000228440915300241	0.0266026345518574
"ADAMTS5"	1.79807513779669	5.72110128498043	22.1696156368585	0.000229812909134038	0.0266026345518574
"ARC"	1.07415816289039	5.74238532836887	17.3266064616123	0.00023008576854485	0.0266026345518574
"B4GALNT3"	1.05090711425764	5.05191483227499	16.9981522154898	0.000231361136484436	0.02661361317948
"ID1"	1.07201313670335	6.23618704836931	17.8008956032275	0.000238116448768323	0.0272516418981249
"LIF"	1.2246255081673	6.97160307455232	19.4554238093325	0.000244140433907342	0.0277999506205805
"LOXL4"	1.8869977696711	3.54479459298395	16.8227186168978	0.000245992260053896	0.0278700577646992
"SSTR5-AS1"	3.61198468354274	1.84921746244224	17.0402786100681	0.00024885000732627	0.0280419926516766
"SERPINE1"	1.9415567155944	7.76614358470968	24.4767369528906	0.000249997361970504	0.0280419926516766
"RTL8B"	2.24595629406679	2.85079353520309	16.7542632499022	0.000251965800762616	0.0280638316688682
"CD63"	0.781104304696462	7.53129932197768	16.7287239553258	0.000254233788287923	0.0280638316688682
"TGFB3"	1.40781307316623	4.8597231321203	17.6638218060266	0.000254879649790742	0.0280638316688682
"ENSG00000271811"	2.82167330380695	2.31368926352059	16.8308777622457	0.000255810676285487	0.0280638316688682
"FHDC1"	-0.941326588356661	6.50997095050434	16.8609595923	0.000257350661420881	0.0280638316688682
"CNN3"	1.60352347379291	5.19092674235617	19.634307221586	0.000257660478819113	0.0280638316688682
"PCOLCE"	2.03668935571473	8.15336287952834	24.9496391926965	0.000259115329841468	0.0280866068586814
"RRBP1"	0.864460053792999	8.89959401248576	16.9391456296377	0.000261684313191464	0.0282293517952859
"PXDC1"	0.989055019284021	5.90551679910305	16.6532206803515	0.000264040228261603	0.0282899646992109
"TRIM47"	1.41307804601244	4.72150946121782	17.1941281417027	0.000264755723921472	0.0282899646992109
"RHOD"	2.76718982709319	2.83030672053311	16.5627801694563	0.000269509811726567	0.0283426038015
"WNT7B"	4.12817746676025	1.82865181992996	16.677635850295	0.000269789591212511	0.0283426038015
"SPRY2"	1.11969696470091	4.65793689770971	16.5578676779417	0.000269976661142134	0.0283426038015
"MYO1D"	1.12694547745104	6.16212301724785	17.8824466642223	0.000270276759395125	0.0283426038015
"CDON"	2.69834222178142	6.34214924560885	25.5715723706457	0.000271557320484493	0.0283450525353861
"ETV4"	4.89132648029262	0.367304336132919	16.6205635782477	0.000275202040683896	0.028593111563406
"EPS8L2"	2.05951957004691	4.11515583925271	18.5938901689343	0.000278943368346049	0.028848886159312
"IGFBP7"	1.09167185444251	8.26776914310966	18.5865148974207	0.000283219839409156	0.0291574178051088
"DIP2C"	1.03000592642945	5.55336736350683	16.3897677770824	0.000289088408959906	0.0294453615012928
"CHST14"	1.07705424633215	4.71629812337553	16.356686884038	0.000289854742073083	0.0294453615012928
"ENPP1"	2.14982224895332	5.5042798289088	22.7454367921157	0.000289934811198749	0.0294453615012928
"DKK3"	2.42335173299143	5.62501988574934	23.9431529341924	0.000292831224904962	0.0296061560390461
"ID4"	1.60120523262116	5.48120641127427	19.9725004181803	0.000300248588167624	0.0302205565572645
"TSC22D1"	0.699910820948399	7.07771018883018	16.2423693265152	0.000301839466188374	0.0302456560208137
"ZNF385D"	2.54010115156947	2.7218302346926	16.2025665582476	0.000306135181778925	0.0305403708335736
"FAM180A"	3.64112187884107	2.45917345118121	16.8690901187856	0.000311477681584276	0.030936457308366
"LRRC15"	2.40682148942795	6.84995254217614	24.6156265868569	0.000315933080726092	0.0311269337681458
"PSD3"	1.4549156990602	5.42048149240102	18.6891955829062	0.000316156650088946	0.0311269337681458
"CRTAP"	0.77019846689591	6.84797101640795	16.0688525101377	0.000321049408738777	0.0314712172583673
"DPT"	2.18366339497716	4.80157323311024	20.6314945087685	0.000324216046308904	0.0315752761007552
"SLC39A7"	0.845729008637476	6.34623446460638	16.0353002936372	0.000324911915877549	0.0315752761007552
"CPOX"	-1.2314009280187	5.47451995795992	17.1719180372693	0.000336202469760822	0.0324980715022818
"PTPN14"	1.58342234488265	6.39408014781117	20.6056288519987	0.00033729037219613	0.0324980715022818
"NGEF"	3.31550043080971	4.84556484390339	23.6975989490251	0.0003414362793139	0.0326829659159211
"FZD10-AS1"	3.15591382690727	2.0736932596693	16.0001749725586	0.000342108576073688	0.0326829659159211
"RNF123"	-0.745268578672846	7.37230910411625	15.8709724098994	0.000344557158123549	0.0327779986795508
"NDUFA4L2"	2.57119060897714	7.04267452362666	24.4095284756244	0.000346615514504522	0.0327907639382849
"MFSD2B"	-1.45336272429664	5.01171268316821	17.4882956102987	0.000347600132229668	0.0327907639382849
"UGDH"	1.23342078047132	4.84909029881759	15.9352838207328	0.000367583092534984	0.0343209510106214
"CDR2L"	1.41961828318178	4.32456174872096	15.7159450616487	0.00036788928838861	0.0343209510106214
"KAZALD1"	1.77792290484554	3.41626403753785	15.6845353761374	0.000368387747031419	0.0343209510106214
"GLIS3"	1.88895834631804	5.94261042683515	21.4074425917184	0.000377009771013901	0.0349796802357178
"VSTM4"	1.24185385734153	4.70588517173883	15.5764076570029	0.000383007878041658	0.0353905558128165
"COL5A1"	2.70452292899025	10.6011610339111	24.2986928230937	0.000388444283631918	0.0357463870153683
"PLEKHA4"	1.51553071934717	5.03814229951261	17.6749713782452	0.000394617363288815	0.0361668417589822
"ISLR"	2.66810168594263	7.42665612106409	23.9020631859598	0.00039797470463124	0.0363268732413601
"PPFIBP1"	1.14877679605773	4.62314220023222	15.4410919491478	0.000402180214124507	0.0365423484261184
"CENPF"	-0.948101966100513	5.47239851411041	15.4240979978482	0.000404659330156164	0.0365423484261184
"ECM2"	1.7278693424173	3.30279694971154	15.3987867499417	0.00040838201429188	0.0365423484261184
"COL3A1"	3.25547663117734	13.368091108788	24.1753902889729	0.000408531054607877	0.0365423484261184
"GEM"	1.30203843282169	6.42545377008002	18.2795051117198	0.00041085854591719	0.0365423484261184
"PIEZO2"	1.26245236716471	4.45913553227093	15.3783448948825	0.000411415150548565	0.0365423484261184
"PLOD2"	2.45659185419914	5.17093580288255	21.8357523646343	0.000411680852489757	0.0365423484261184
"SOX5"	2.29534296296295	5.25443889655823	21.1511456327656	0.000417310098138804	0.0368967587162254
"SMAD6"	1.15197012275349	5.40854749031933	16.0467608844514	0.000427993374300985	0.0375254708958845
"COMP"	3.2547647362476	12.127033221004	23.8911900675825	0.000428313922168163	0.0375254708958845
"E2F1"	-1.08905629080515	4.8598231700877	15.2602504872168	0.00042941415289356	0.0375254708958845
"PRRX2"	1.99757160965468	3.44397475654119	15.3834186446791	0.000434242317914668	0.0378008776050352
"TMPO"	-0.735940125843788	6.87547893679422	15.1810491393351	0.000441954105129477	0.0383242202086507
"ARSI"	3.4833371840282	2.42037236125513	15.4955838572728	0.000445419537250256	0.0384767390300547
"ASS1"	1.08137088331196	5.05903995093177	15.1187922112115	0.000452084964766583	0.0387566923616904
"GNA11"	0.811686414328147	6.11490537746565	15.1187107554732	0.000452098380693896	0.0387566923616904
"MCM7"	-0.722542973329424	7.74942827177619	15.0896615558862	0.000456909997943623	0.0387702376604252
"SOX6"	-1.01549846741703	5.63646230870457	15.2833100683662	0.000457119005616657	0.0387702376604252
"PCOLCE2"	2.31457245998796	6.46476641774028	22.2768716940849	0.000457415205254729	0.0387702376604252
"ID3"	1.02108398838475	6.35551309958312	15.9562914394116	0.000467986674317192	0.0395177062140652
"AHNAK2"	2.53086451330679	6.10218444088223	22.3305401644765	0.000476022419825558	0.03987469917792
"SOBP"	1.49686809265897	4.04239516715438	14.9712624742245	0.000477092989000445	0.03987469917792
"TUSC3"	2.44000405805332	2.9126292764475	15.0461433418758	0.000477520126764765	0.03987469917792
"SERPING1"	1.24404346076668	7.29893831909902	17.9482933848246	0.000479329797878682	0.0398781166899364
"ADAMTS2"	1.83168343189094	7.16764730712971	21.0298730567151	0.000490465394260914	0.0406545322757595
"CHST3"	1.75084137709193	6.79653662351988	20.3288383991672	0.000494336844541581	0.0408253424799798
"RARB"	3.69184594493397	1.51711522468925	14.8102855918443	0.000506071219576755	0.0416419040751004
"NAV2"	0.736575974343538	6.47427983012679	14.7822211672303	0.000511312416746169	0.0419201809016695
"AMTN"	2.93091694884868	4.91605807510037	20.4293953343017	0.000521347597496462	0.0425880541056349
"GLI3"	2.31357013133638	6.59273929894253	21.7472181777344	0.000527028624232006	0.042896705277743
"LRIG3"	1.88498880466691	3.21350423935953	14.6862195840141	0.000529683073461507	0.0429576783246876
"DIXDC1"	1.47490912760646	4.63602175911338	15.7659213994305	0.00053181265841658	0.0429757999880294
"ZBTB20"	0.681318559250403	6.43573623072626	14.6211003898423	0.000542543696294898	0.0436863934880884
"CSPG4"	2.15730018236654	8.40354189954149	21.6840980054793	0.000544627275285203	0.0436981015963707
"ANGPTL4"	1.8129817251338	7.42155147135565	20.5028593354234	0.000548825565739641	0.0438787985998792
"TMEM59L"	3.82781865248174	3.45649869265504	18.1870961846899	0.000552687406649135	0.0439927297766148
"TREM2"	3.26049530933235	2.46036248407897	14.8767683625242	0.000555467262247428	0.0439927297766148
"STC2"	3.09585421421189	2.56986520383369	14.8519837398016	0.000556104319450688	0.0439927297766148
"DSP"	1.86449069116605	4.43858871230602	16.8223554219679	0.000560410095905602	0.0441783427352717
"TSPAN5"	-0.877015858616867	5.04571782053749	14.5056988784979	0.00056615922865253	0.0444071265826019
"GTSE1"	-1.02947007369801	5.01238331132165	14.500486050697	0.000567251506067122	0.0444071265826019
"AGAP1"	1.24504502874184	5.18439969007566	15.5500609016692	0.000569608712358359	0.0444373634215625
"PIGQ"	-0.903615154880854	7.5667570430181	15.1380822688561	0.00057343478873133	0.0445815887818502
"RASAL2"	0.981957212904011	4.79915732448089	14.4542418273063	0.000577040270201567	0.044707731724964
"COL14A1"	1.75537627896564	6.89250882691935	19.8987970163117	0.000582322028077943	0.0449624398802921
"UNC13B"	1.0002978069845	4.77553559013587	14.4010503255676	0.000588522705025299	0.0451320218817565
"IGSF3"	1.34844932807581	4.49474682199491	14.7227294509222	0.000591182589283313	0.0451320218817565
"TMED3"	0.932361106190741	5.57257655589671	14.3881929230399	0.000591334616740131	0.0451320218817565
"BAG3"	0.743102396198437	6.64041003212094	14.3827675586314	0.000592525435864451	0.0451320218817565
"PYCR1"	1.07444025934003	5.05069194731503	14.3519511876208	0.000599338024081523	0.0454290866029824
"MARCHF8"	-0.683680913110025	7.31443583449276	14.3469323845679	0.000600455415935809	0.0454290866029824
"BARX2"	3.59340222785709	1.89933509321782	14.5220899545515	0.000603246842063437	0.0454876364587367
"MXD3"	-0.953238631098842	5.60796558703433	14.3132277424997	0.000608017221425223	0.0456945209141769
"LGALS1"	1.07904572847844	7.75041972621438	16.3478372703446	0.000612703812674473	0.0458937546862414
"CPXM2"	1.78873479931694	3.91206298777709	14.7954648052309	0.000615644787078798	0.0459613489055582
"BMERB1"	1.91442498454283	3.33762834824169	14.2604394533558	0.000620065239986131	0.0461385838307832
"H1-2"	-0.75670190443461	10.1479286791796	14.3174974024949	0.000623813855726198	0.0462171131292151
"NBL1"	2.06899572127871	6.98652099371424	20.6170750163047	0.000625220416233948	0.0462171131292151
"AXL"	0.824727516158801	6.61033928538476	14.1538825375073	0.000645167255527381	0.0475357547160795
"EPB41"	-0.792604439666959	7.28505677319661	14.1381899072882	0.000648954610008731	0.0475691666622447
"SLC2A12"	3.82250139612957	1.42627494911754	14.3174234762573	0.000649840474229193	0.0475691666622447
"BGN"	2.4196541737997	9.94124125949963	21.1776743266575	0.000657487599430408	0.0478819475633667
"JAM3"	1.25897001533037	4.62782343155391	14.3258769196211	0.000658360850911189	0.0478819475633667
"EVA1B"	0.944477432728079	5.15724623364846	14.0882481252881	0.000661166430106592	0.0479313772771165
"FOXP4"	0.981683283150457	5.65440051702483	14.2908459223888	0.000668609275299056	0.0483155920541427
"GPC6"	2.9915372835265	4.42685834896562	19.3586523791452	0.000671329181373241	0.0483571492755306
"LOXL3"	0.815693130747054	5.46932321065774	14.0265127919423	0.000676601599639087	0.048581718679818
"GRIK3"	3.00795789326459	2.75594046369085	14.5514030831709	0.000688263534524018	0.0492614928407466
"TAL1"	-1.041160145409	7.03885030805732	15.4879963123844	0.000690899439068235	0.0492614928407466
"PLD3"	0.673016994828237	7.82953006845219	13.9639983876143	0.000692623668522872	0.0492614928407466
"FAM117A"	-0.770239500954159	7.21003804598293	13.9271152508514	0.000702265934093474	0.049680952946449
"BNC2"	2.43723084114683	3.49700589864393	15.2323210458632	0.000702928412575056	0.049680952946449
