"genes"	"logFC"	"logCPM"	"F"	"PValue"	"FDR"
"SCUBE3"	2.59461082284284	4.71000590788485	81.0975301921532	3.17607041265591e-13	7.63114438048836e-09
"ALPL"	1.3378437913573	7.72293298783156	59.8956395547378	6.35108307339723e-11	7.62987365022576e-07
"ADAM12"	1.95457960984475	4.95366656760227	49.4783214786695	3.19689260974442e-09	2.56039129114431e-05
"NLRP3"	-1.20497793123569	7.51327833738291	44.0741166760069	6.198149113118e-09	3.72307321852216e-05
"CKB"	1.46126656360423	6.8793031383222	45.395715471956	6.00027677849715e-08	0.00027660721424304
"VCAN"	1.07600895677859	7.6281775764113	36.0148366560747	8.35257150716852e-08	0.00027660721424304
"SPON1"	1.40053145758338	5.29162982017123	35.4415636102723	1.01315122658325e-07	0.00027660721424304
"SLA"	-1.23568375085407	6.00062109141942	35.3925663048325	1.03006405599046e-07	0.00027660721424304
"NCF2"	-1.31650391857117	5.31113182978484	35.3752477317173	1.03611142805484e-07	0.00027660721424304
"IL10RA"	-0.981168357493742	7.49664497319776	32.9198000178564	2.40182109180676e-07	0.000545371501020609
"THEMIS2"	-1.0233132919979	6.9868921964168	32.8080435220551	2.4968104679014e-07	0.000545371501020609
"FGD2"	-1.16160679012425	5.5751695949137	32.3909538211229	2.88689614107874e-07	0.000578028779847491
"RASGRP4"	-1.60765263182167	4.6502298123867	31.8164193307018	3.5297158281573e-07	0.000652372940024119
"MAGED1"	0.974867981552636	7.18896700045148	31.268122007081	4.28123710057135e-07	0.000734752027253056
"LBP"	1.91295032128347	4.48324754083456	32.7685257028738	6.43798707191045e-07	0.000955667503032592
"ARRB2"	-1.16591037466163	5.98830723310643	30.0419128875751	6.62027854720622e-07	0.000955667503032592
"ACP5"	0.978133398028976	7.45819145321772	29.9828712509422	6.76170456218174e-07	0.000955667503032592
"EMILIN1"	1.16737539818244	8.2264902720902	35.1189601258481	8.11243682139453e-07	0.00108287510837581
"C5AR1"	-0.994289669545689	6.80729683699639	29.0403205867374	9.49354499094669e-07	0.00120053371314461
"STX11"	-1.11704546875373	5.93088599193863	28.8519374202636	1.01641368699038e-06	0.00122106858286589
"LCP2"	-1.12717770914023	6.805231612751	30.4665877902786	1.0949219478184e-06	0.00125274712572536
"IRS2"	-0.813237355959077	8.36915220765211	28.0791829577544	1.34687753967574e-06	0.00147097393844496
"FSTL3"	1.14524449902054	5.3811128818633	27.874328335158	1.45184179418941e-06	0.00151465048186087
"IGHV3-74"	-1.17900266537666	5.69151317858537	27.7619905753275	1.51294841489412e-06	0.00151465048186087
"ITGAM"	-1.24772502579787	6.56869878504823	31.4145011142958	1.80570460812284e-06	0.0017354265847747
"FGFRL1"	0.976102793029982	7.0413569705945	27.1413139484497	1.90181821158647e-06	0.00175749946806877
"PLAUR"	-0.880552004355569	8.32628687618528	26.0554627573394	2.84908226666013e-06	0.00246925064526751
"PLOD1"	0.942735170186117	7.18952818924983	26.0131398589213	2.89462472093826e-06	0.00246925064526751
"OLFML3"	0.949850757186849	6.62627639800144	25.9353286168529	2.98032499740949e-06	0.00246925064526751
"ANTXR1"	1.12173857854588	5.87973340203739	25.7385741628009	4.13566453973952e-06	0.00331225372987738
"NAMPT"	-0.796923092106278	7.57559982772612	23.8285332686603	6.63560434312376e-06	0.00514302146942693
"DAPK1"	-0.914129765686968	6.00081301072003	23.4513951057661	7.67456171290085e-06	0.00565342740466601
"ARHGAP9"	-0.949805944696443	6.38863827513011	23.4211880419836	7.76472736313223e-06	0.00565342740466601
"IGLV4-69"	-1.30472102796243	5.597219445385	26.0357515334818	8.95682722869372e-06	0.00619735914728955
"ARHGAP4"	-0.848333330864431	7.37433462388093	23.0324584042213	9.02765930641089e-06	0.00619735914728955
"OLFML2B"	1.06435163347769	7.64123417256309	26.4326617796914	9.96060574811404e-06	0.00664787428638711
"RBP4"	1.21770488364302	5.57291056687471	24.72638572291	1.06083837144086e-05	0.00688885501367823
"PTPRF"	0.84789903813293	7.48079218313902	22.5303932121504	1.09793809111195e-05	0.00694214697767022
"NFKBID"	-0.805984732538631	7.20530584168248	22.4015211845991	1.15473785082914e-05	0.00711407342099275
"FBN1"	0.765567419771699	8.32422373758705	22.3056542602238	1.19895238800991e-05	0.00720180725667854
"NRROS"	-1.01797269102194	5.26449661569749	22.0224956563733	1.34003896063899e-05	0.00785295514811535
"MYO1G"	-1.08639113682163	6.57714986128268	24.5044307610062	1.37962410763629e-05	0.00787410594970547
"SYK"	-1.00134387004085	5.88430402982584	21.8635481870253	1.42664242319871e-05	0.00787410594970547
"LAPTM5"	-0.763525883367842	8.34275582186807	21.8364679162406	1.44196388141275e-05	0.00787410594970547
"PRAM1"	-1.73982287217423	5.1901627997547	27.2229863129827	1.50297710923414e-05	0.00796891976132057
"IGHV3-21"	-1.00179389048757	5.9009813244849	21.6935921899813	1.52565992017624e-05	0.00796891976132057
"IGHV1-18"	-1.0166371746565	5.75439602928088	21.550630402042	1.61443606283593e-05	0.00825320325143808
"TRPM2"	-0.952247660739955	6.21866154654608	21.4085654028273	1.70794816464469e-05	0.0084032834312754
"NCKAP1L"	-1.04892293317162	5.17480829008333	21.4000287209117	1.71374240701084e-05	0.0084032834312754
"CD83"	-0.795101625833679	6.62876425141724	21.2838261455578	1.79466427215743e-05	0.00862407969342532
"IGHV1-2"	-0.879488804870839	6.88596217413406	20.8348184071866	2.18242870658718e-05	0.0101222717039834
"CD300E"	-1.39255561523284	4.16391111217714	20.7388886559543	2.23025828160505e-05	0.0101222717039834
"RHBDF2"	-0.824570415845979	6.80641642598783	20.736016652926	2.23282307533657e-05	0.0101222717039834
"TNFRSF1B"	-0.822071983609479	8.00598067330272	21.0217556834332	2.28183549430922e-05	0.0101368726993879
"MT1H"	2.91255773664107	3.5131738677092	25.7124066430848	2.37615524510685e-05	0.0101368726993879
"SAMD11"	1.35101755734412	4.49059241601243	20.56575338439	2.42983784547763e-05	0.0101368726993879
"CD74"	-0.643024547473976	11.1074315611187	20.4791423351673	2.47499866067881e-05	0.0101368726993879
"SRPX"	1.25247124414489	4.68471470478735	20.4484987815982	2.50564745561512e-05	0.0101368726993879
"PRSS23"	1.19989458908798	6.41732456623671	24.6655273925606	2.51438004613488e-05	0.0101368726993879
"LOXL2"	1.39744580517024	7.22164227559739	29.5121042639163	2.53137038316592e-05	0.0101368726993879
"MMP9"	0.872316065308202	9.31258043337129	22.6310931705424	2.6248842759519e-05	0.0103390318849666
"TNFAIP3"	-0.712939314411787	9.86146683212976	20.1439106943941	2.83247122245605e-05	0.0107076671915284
"ITGAX"	-0.807114169160182	7.39805088981694	20.1281212665599	2.85056890151746e-05	0.0107076671915284
"LIF"	1.07316404293621	7.30920548957325	23.6417616496868	2.85943535881981e-05	0.0107076671915284
"CELF1"	-0.839246682249394	6.17102177030737	20.0704644748285	2.91767525310055e-05	0.0107076671915284
"HTRA3"	1.3380976852912	6.1531294874415	25.6041550109128	3.0103390004823e-05	0.0107076671915284
"FGL2"	-1.03046895284067	5.3840604210032	19.9781932909331	3.02848412668139e-05	0.0107076671915284
"CCL3L1"	-1.01932641531162	6.34876821117321	21.3770030359256	3.03042980407012e-05	0.0107076671915284
"PTGDS"	1.1485650890355	4.90063400924413	19.8856000094539	3.14405535989324e-05	0.0109481475553848
"ARSI"	2.30469007458401	3.03580579078413	19.8186126849318	3.23049953327963e-05	0.0110172662229015
"TGFB3"	1.04352011700178	5.42256728923668	19.8402689471065	3.29754552848032e-05	0.0110172662229015
"VAV1"	-1.01304051069906	5.53450161798878	19.7649892624301	3.30146571793778e-05	0.0110172662229015
"IGLV7-43"	-1.2907126591482	4.47106986589005	19.6484549445575	3.46129724340674e-05	0.0111960098990545
"IL1B"	-0.886868469803029	6.28222290627642	19.6386358830674	3.47512457489373e-05	0.0111960098990545
"FNDC1"	1.73619986087934	7.69820505215645	33.6339498448483	3.49482141935775e-05	0.0111960098990545
"PIK3R5"	-0.959926355309535	6.64879231615303	20.7827924440333	3.64846511008128e-05	0.0115344304210425
"PMEPA1"	1.03973627744705	7.60944960921374	23.2032147272639	3.87309580046903e-05	0.0120855678958272
"ATG2A"	-0.83165157168732	7.44939996567661	19.5898269325976	4.0288250252172e-05	0.0124103306257556
"THY1"	1.66965336659362	7.40270156722732	31.7205342255943	4.23577512718639e-05	0.0128826543013807
"DOCK2"	-0.943336279846131	5.89645992191103	19.1186823003531	4.2952331333001e-05	0.0129001958117252
"STMN2"	4.86713687540679	1.23075736389481	19.080084876617	4.50508387809552e-05	0.0133634136220989
"PHACTR1"	-0.929414342009999	5.27685959109999	18.9096329874167	4.67913595689e-05	0.0137104389800239
"ADCY2"	1.71660550236288	3.56355542552117	18.8628051992707	4.76989081597711e-05	0.013807971883793
"SERPINA1"	1.02848478666766	8.12549961130261	22.9328633532913	4.95621898373137e-05	0.0141765563716802
"CST7"	-1.0328732929406	5.59009538646959	18.9986880198691	5.02292949191719e-05	0.0141898872084941
"ZFP36L2"	-0.632491843329093	9.92076600782395	18.7099519956998	5.07899571286676e-05	0.0141898872084941
"CCL3"	-0.891679455318151	7.79222083571371	20.4366589841065	5.23332095437808e-05	0.0144050872249533
"NBEAL2"	-0.810250973939049	8.53195184704673	19.639711254703	5.27592989468468e-05	0.0144050872249533
"TMC6"	-0.767152698193056	7.2317828999458	18.5728183061648	5.37392568595327e-05	0.0145077879164494
"CHTF18"	-0.989785011892124	5.10663642650823	18.530503392079	5.46846158981982e-05	0.014598969624289
"PER1"	-0.615494586687502	9.68275161067031	18.4734017539455	5.59876472868573e-05	0.0147825846303442
"IGLV2-14"	-0.961256794818001	7.51145629627418	20.9639516300773	5.94246136153742e-05	0.0155195129493108
"EPOR"	-0.970894761185273	5.45265965088044	18.16006984274	6.37316390862979e-05	0.0164653773368439
"MT-ND3"	0.889435134444228	6.64137724825605	18.9060109839808	6.4959134289637e-05	0.0166039693572033
"TRPS1"	1.08313766048858	5.81469362077713	19.8633194398633	6.80855317638251e-05	0.0172199060177834
"MYO15B"	-0.664704956454976	8.82011872767694	17.7332915850528	7.61001853392125e-05	0.0190464495119298
"WNT9A"	1.54105919328461	3.8034148453897	17.6712599756701	7.80945152854137e-05	0.0193440919460065
"RIN3"	-0.718541832116568	7.65284697554095	17.6445988788243	7.89682054864798e-05	0.0193609089104454
"PHLDA3"	0.928679072239981	5.69805652172539	17.6539943608831	8.11275189200374e-05	0.0196677815594629
"FCGR2A"	-0.928960769452412	5.20855113908508	17.5338405750128	8.27073867994525e-05	0.0196677815594629
"LGALS1"	0.68051656307354	8.12126237323185	17.5256648199007	8.29905545440568e-05	0.0196677815594629
"TET3"	-0.799827154383157	6.96945642185482	17.5703735118889	8.34941407194081e-05	0.0196677815594629
"IGHG3"	-0.84521770194187	8.14831200958637	19.063115078087	8.5649752723578e-05	0.0199796758125185
"SH2B3"	-0.715374363584302	7.08393022316795	17.3274013434082	9.0173245492883e-05	0.0208326208601683
"NR4A3"	-0.722680632815269	7.71448942741043	17.2838101669882	9.18369145647782e-05	0.0210149099642659
"CDCA4"	-1.10208757803687	4.7125140107811	17.2166391429535	9.44629114585948e-05	0.0211333982143184
"PYCR1"	0.996694116812872	5.18136675867487	17.2103983378051	9.47108007538117e-05	0.0211333982143184
"IGLV9-49"	-2.36385593618379	2.60323502163721	17.2033036436221	9.49934243620257e-05	0.0211333982143184
"PMAIP1"	-0.922908941735327	5.36403434410493	17.1369279409654	9.76801908601284e-05	0.0215317609706083
"TWIST1"	1.19354166742984	4.95199902259746	18.0920649623503	9.96095574620456e-05	0.0217447352777025
"CIITA"	-0.69084165796951	7.13900270476257	17.0702974784643	0.000100456387223747	0.0217447352777025
"ALX4"	1.76428314867576	4.63688482091815	21.4429711583263	0.000102525703144848	0.0219945095487612
"TENT5C"	-0.887306988566555	5.77520389845005	16.9613048786133	0.000105174838509776	0.0223631490696848
"SERPINH1"	0.710053146690081	8.64651171985115	17.0065507148985	0.000110053250345273	0.0231951705793499
"BAIAP2L1"	1.88587819671493	3.15402702811557	16.7679169885027	0.000114119270602605	0.0237831809916584
"MXRA7"	0.889678978024267	5.50612537923028	16.7533755532671	0.00011482286573573	0.0237831809916584
"UNC13D"	-0.813355346526214	6.83324107801373	16.867132046732	0.000122053689413019	0.0250648204745863
"VSTM4"	1.11234766772389	4.94215093228067	16.9932916466147	0.000123291672599755	0.0251044831996129
"ANXA2"	0.7160639706065	6.45500582251787	16.4848031622251	0.000128656674996064	0.0259767557153818
"IGHV6-1"	-1.14914783401514	4.6392985841962	16.4435885754621	0.000130927510703631	0.0261982902352946
"P2RX1"	-1.43565838940503	4.91205208480127	18.7977751418935	0.000131963842717245	0.0261982902352946
"USP15"	-1.09837648676482	4.63566598288077	16.40140055098	0.000133294957598505	0.0261982902352946
"IGHV3-73"	-1.45335867617317	3.91996899061474	16.3869615997636	0.000134115357678497	0.0261982902352946
"ITGB2"	-0.733431029038979	8.3694508212737	16.7115289173373	0.000142196573753203	0.0273251349883143
"AREG"	-1.14586097957192	5.5859049225863	18.4640242789133	0.000144834434707688	0.0273251349883143
"INHBA"	1.60914999716285	6.55502979581396	24.9086449888238	0.000144929880536549	0.0273251349883143
"PART1"	3.28972886602945	1.89871252750081	16.1977347010821	0.000145362960288673	0.0273251349883143
"EMB"	-1.24238837337801	4.20410372075175	16.1943905818232	0.000145570286698474	0.0273251349883143
"CRABP1"	2.67034998676791	2.40238741188913	16.1613331291138	0.000149423820358299	0.0278007851503888
"IGLV10-54"	-1.14329764860563	4.73535449901547	16.1161349425259	0.000150510283661094	0.0278007851503888
"DENND4B"	-0.684358668792947	7.35985126417514	16.0996101877884	0.000151575429920545	0.0278007851503888
"SCD"	1.15346259748279	6.8197119044732	20.5252117240922	0.000155275201957168	0.0281626603582069
"TNFRSF14"	-0.661431800890422	7.48595139558048	16.0338403580757	0.000155892696867754	0.0281626603582069
"TF"	1.15147010119374	5.40853064585283	18.0969443886378	0.000162114784811824	0.0286987492698726
"PLCB2"	-0.781020773812035	6.42138532261231	15.9311036922817	0.000162892860047966	0.0286987492698726
"GRK2"	-0.646645862260946	8.24239965107749	15.9284429115819	0.000163078419298857	0.0286987492698726
"RCN2"	1.05814435739616	4.74586581203847	15.920438809062	0.000163637934405983	0.0286987492698726
"ZNF469"	0.836032467843423	6.16964089205993	15.8353945493954	0.000177762126606577	0.0309499319998277
"FMN1"	-0.886348105558812	6.00586665061967	16.0618728553871	0.000184096027148696	0.0317120292954993
"TMC8"	-0.773539068936068	6.3621575743713	15.637112713196	0.0001847789612257	0.0317120292954993
"RASGRP2"	-0.800456065674034	6.24424833772429	15.6150246751489	0.000186541630791175	0.0317874876809898
"ADA2"	-0.874342501653204	5.48036393559495	15.5200016132154	0.000194325453352307	0.0328806878006753
"DGKI"	1.93553715696901	2.92001237950929	15.4643812197968	0.000199036858589643	0.033442367841492
"PALLD"	0.85248543260804	5.54441759946543	15.4451317527591	0.000200694822012423	0.0334867672811978
"KDM6B"	-0.61977624401923	10.2297326321821	15.4243532536064	0.000206945336675238	0.0342915558916962
"MT-TL2"	1.34860457348211	3.94110886123362	15.3160512707876	0.000212188360784053	0.0349195187983455
"FZD1"	0.757956989363075	6.21305784576193	15.2259547748869	0.000220612832941024	0.0360297598104359
"OLFM2"	1.11415683631032	4.4649834118409	15.2121508187491	0.000221933843257357	0.0360297598104359
"MEGF6"	-0.784137050330589	6.41819544428387	15.2150533606733	0.000223889532184618	0.0361033140255021
"S1PR4"	-1.04028277616313	5.01203349525672	15.4016448323801	0.000228078103932331	0.0363560498013335
"THBS3"	0.758035839939358	6.51941657079248	15.1362930364435	0.000229340874929926	0.0363560498013335
"GREM1"	1.5756589011861	3.69878600765488	15.254956710253	0.000229996236309264	0.0363560498013335
"SULF2"	0.730705094277293	7.43326518005957	15.3080156527226	0.000234864728832703	0.0368829728082572
"NLRC5"	-0.618358656829634	7.64872853140175	15.0015291546014	0.000243137538475384	0.037641932896172
"RCN3"	0.989359016075348	7.05447526594565	17.889008523396	0.000243657362411268	0.037641932896172
"MAN2A2"	-0.749208372785424	7.25443050864234	15.2748876189426	0.000244397616506548	0.037641932896172
"CGREF1"	1.27001991287425	4.04757604291862	14.889561328683	0.000255253075466055	0.0390634754409101
"ROR2"	1.14565117995643	4.76634566943718	15.3299737926468	0.000275932588122087	0.0419609638911986
"ENSG00000215146"	4.18625897636382	0.748547689178281	14.7377588655775	0.000278463717448725	0.0420795455291857
"ENSG00000280287"	-0.886396834387194	5.28126546691812	14.6732184619326	0.000280466128063908	0.0421172478686971
"MT1G"	2.2598674665595	6.87747417471304	24.7025708725871	0.000292868804858149	0.0437065762380543
"MYO7A"	-1.24452017732351	4.53193644057825	15.157930486257	0.000299238125193521	0.044227684787448
"RARG"	0.805851614892315	6.25434163500191	14.7749451430584	0.000300042145101512	0.044227684787448
"FAM117A"	-0.722143138674182	6.32222079556804	14.4420443963755	0.000310274989275307	0.0454259972111506
"ADORA1"	1.82268027182339	3.28165316344944	14.5830831620629	0.000312863162909163	0.0454259972111506
"NIBAN2"	0.623419920555135	8.2907237514953	14.4037976407052	0.000315514685760468	0.0454259972111506
"CDK2AP1"	0.834297086151529	5.73625921954041	14.4254179343224	0.00031573402981072	0.0454259972111506
"RBM38"	-0.862717312596716	7.01769265137041	15.8257319284293	0.000323381515397799	0.0462493313718031
"FAM155A"	2.41734016883635	2.49860597135029	14.3236022655549	0.000326800961072508	0.0464618147437228
"ARHGAP27"	-0.673125723879323	6.86122920009074	14.2825471991947	0.000332739899942926	0.0467957988397532
"C4orf48"	1.23520029803594	3.95617240751534	14.2804559587616	0.000333045390668739	0.0467957988397532
"PSD4"	-0.747157868356485	6.31613336582794	14.2585784995122	0.000336258748714396	0.046972610205586
"BMP8B"	0.968994539488503	4.64447219553002	14.1995802295807	0.000345085505897671	0.0479269910416378
"PAG1"	-0.866464658306804	5.70989374737164	14.3422506443946	0.000350092133627301	0.0483428947969148
